0
1
2
3
3
4
4
5
5
9
9
9
9
10
10
11
12
13
13
14
14
14
15
16
17
19
20
22
22
22
22
23
24
24
24
25
25
26
26
27
27
27
31
31
31
33
34
35
35
35
35
37
39
41
42
42
43
44
44
48
49
50
52
55
58
58
61
62
62
64
65
66
67
67
70
74
74
75
77
82
82
83
84
85
85
85
85
86
86
89
89
89
89
90
92
92
94
97
98
98
101
101
103
105
105
105
107
107
107
108
110
110
112
112
113
114
114
115
117
117
118
119
119
119
119
120
123
124
125
126
128
130
131
133
134
135
136
136
137
137
139
143
145
145
147
148
150
151
152
154
154
154
155
156
157
158
158
158
158
159
159
160
160
161
162
163
166
167
168
168
170
172
173
175
175
178
178
180
180
181
181
182
182
183
184
184
185
187
187
188
189
190
192
192
193
194
194
194
196
196
200
201
201
202
202
203
203
204
204
204
205
206
207
207
207
210
210
210
211
212
213
215
216
217
217
219
220
221
221
223
224
226
226
227
227
228
228
229
229
229
229
231
233
235
237
238
238
238
239
239
240
240
241
241
242
246
247
250
250
251
251
252
254
256
256
257
258
258
259
261
262
264
265
266
267
268
270
271
272
272
273
275
276
278
279
279
281
286
289
290
291
293
293
293
293
293
294
294
295
295
297
298
299
303
305
305
310
311
311
312
315
317
320
322
323
324
324
327
328
329
330
331
332
332
334
335
335
338
338
338
339
339
340
341
343
343
345
345
347
347
348
348
349
350
352
352
353
354
354
355
357
357
358
359
359
359
360
360
360
362
363
364
365
365
366
371
373
377
378
378
379
380
381
388
388
388
388
391
394
394
396
398
398
398
399
399
400
400
400
402
403
406
407
407
407
408
409
410
410
410
410
411
411
414
414
415
415
422
423
424
424
424
427
427
428
428
430
431
433
434
434
439
440
441
441
442
443
443
445
445
446
446
446
447
447
447
448
448
448
449
450
451
452
453
453
453
454
455
455
456
459
460
460
461
464
466
466
467
467
469
471
473
476
479
481
482
485
485
485
485
486
486
490
490
492
492
492
495
496
497
497
498
502
502
502
503
503
503
503
505
505
507
508
509
510
511
511
513
513
513
514
515
516
516
517
518
519
523
523
523
523
524
525
527
529
531
531
535
536
537
537
543
544
544
546
547
547
548
549
550
550
551
551
552
555
556
557
559
559
562
562
564
566
566
567
568
571
572
574
574
574
574
575
576
578
578
578
582
583
584
585
585
585
586
588
589
589
589
589
590
590
591
593
596
597
598
599
599
601
601
602
602
603
604
606
607
607
608
609
610
610
611
613
615
616
616
619
621
621
621
622
622
624
625
626
627
628
629
629
629
629
630
633
634
634
635
635
636
639
640
643
643
643
643
645
645
646
646
650
651
651
652
653
653
653
654
657
657
657
657
658
658
658
658
659
660
661
661
662
663
663
664
665
665
668
668
669
669
670
671
672
672
674
674
677
678
679
681
681
681
681
682
683
683
684
685
685
686
687
688
689
690
691
694
696
696
697
697
697
698
698
701
705
705
707
708
708
708
711
712
713
714
715
716
717
718
720
720
721
722
724
725
726
727
729
731
731
733
733
733
733
739
740
743
744
744
744
744
745
745
745
748
749
749
750
751
752
753
753
754
755
756
757
759
761
762
762
764
765
766
766
767
767
768
769
769
770
770
771
771
772
772
773
773
773
774
775
780
780
782
782
782
784
785
786
786
786
787
787
787
787
788
788
788
789
789
789
789
790
792
792
792
795
797
798
799
800
800
803
803
803
806
806
807
808
811
812
815
815
815
817
818
818
818
819
820
820
822
823
824
825
829
831
831
831
832
832
833
833
834
834
835
836
836
837
837
838
840
842
842
842
844
844
844
845
846
847
847
848
848
850
851
852
852
853
854
854
855
855
856
856
856
856
859
859
860
862
863
864
865
866
866
867
867
869
871
871
871
872
874
876
876
877
879
881
885
885
886
887
887
889
889
891
892
893
894
894
895
895
896
898
899
900
902
903
905
906
907
907
908
909
910
910
910
910
912
912
913
913
914
915
916
919
919
919
920
923
924
928
931
934
934
936
936
936
937
938
939
942
943
944
945
946
948
948
949
950
950
951
951
953
953
954
955
956
956
956
957
958
958
958
958
960
960
960
961
964
965
966
967
967
968
969
969
970
971
973
974
976
978
980
982
982
982
982
984
985
986
986
986
987
988
988
989
992
994
996
996
999
999
999
1000
1000
1000
1004
1006
1007
1008
1009
1010
1010
1012
1012
1015
1017
1019
1019
1021
1022
1022
1022
1023
1023
1024
1025
1027
1027
1028
1030
1030
1031
1031
1031
1033
1034
1035
1039
1040
1041
1042
1043
1045
1045
1046
1048
1048
1049
1050
1051
1051
1053
1053
1054
1055
1058
1058
1061
1065
1065
1066
1066
1069
1069
1070
1070
1070
1071
1072
1073
1074
1074
1075
1075
1076
1077
1077
1077
1078
1078
1079
1079
1081
1081
1083
1083
1083
1084
1085
1085
1086
1088
1088
1089
1089
1089
1090
1091
1094
1094
1094
1095
1097
1098
1101
1101
1102
1104
1104
1105
1105
1106
1107
1107
1109
1110
1111
1114
1115
1115
1116
1117
1118
1120
1120
1122
1124
1124
1125
1125
1126
1127
1129
1133
1133
1135
1137
1137
1137
1138
1138
1139
1141
1141
1142
1143
1144
1144
1145
1145
1146
1146
1149
1152
1153
1154
1155
1155
1155
1156
1156
1156
1158
1159
1160
1161
1162
1163
1163
1163
1164
1164
1165
1165
1165
1167
1168
1171
1171
1173
1173
1174
1175
1175
1178
1179
1181
1182
1182
1183
1184
1185
1185
1188
1188
1190
1190
1190
1191
1193
1193
1195
1195
1198
1198
1199
1200
1203
1203
1203
1204
1205
1206
1206
1207
1207
1208
1209
1210
1211
1211
1212
1212
1213
1213
1214
1215
1215
1215
1216
1218
1220
1223
1224
1224
1225
1226
1229
1229
1229
1230
1234
1234
1235
1238
1239
1243
1243
1244
1244
1247
1247
1247
1248
1249
1249
1250
1253
1255
1256
1256
1256
1256
1258
1258
1261
1262
1262
1262
1267
1268
1270
1270
1271
1271
1271
1271
1272
1272
1275
1277
1277
1278
1279
1279
1280
1283
1285
1286
1286
1286
1287
1291
1294
1295
1296
1297
1298
1298
1299
1300
1301
1302
1302
1305
1305
1305
1307
1309
1310
1312
1312
1313
1314
1315
1316
1316
1316
1316
1318
1319
1320
1320
1321
1321
1321
1321
1322
1323
1325
1326
1327
1328
1330
1338
1341
1342
1342
1344
1346
1346
1347
1349
1349
1349
1350
1351
1351
1356
1357
1358
1358
1359
1360
1360
1361
1361
1361
1362
1362
1364
1366
1367
1369
1369
1371
1372
1372
1372
1375
1376
1377
1377
1377
1378
1379
1380
1381
1382
1383
1385
1388
1389
1389
1389
1390
1391
1392
1392
1394
1397
1398
1401
1402
1402
1404
1405
1406
1407
1408
1408
1409
1410
1412
1413
1413
1414
1416
1416
1416
1418
1420
1420
1422
1423
1426
1427
1428
1428
1429
1429
1429
1431
1434
1434
1434
1434
1435
1436
1437
1438
1438
1440
1440
1441
1441
1443
1443
1445
1446
1447
1447
1448
1448
1448
1449
1450
1451
1451
1457
1458
1458
1459
1460
1461
1463
1464
1466
1467
1469
1469
1469
1470
1470
1470
1470
1471
1474
1475
1475
1476
1477
1478
1478
1480
1481
1482
1482
1483
1483
1483
1484
1485
1485
1486
1486
1488
1489
1489
1491
1492
1493
1494
1494
1496
1496
1497
1499
1499
1499
1503
1505
1507
1508
1510
1510
1510
1510
1511
1511
1512
1513
1514
1514
1515
1517
1517
1517
1517
1518
1519
1519
1521
1522
1523
1524
1525
1527
1528
1528
1528
1529
1532
1533
1535
1536
1537
1537
1538
1538
1539
1539
1542
1542
1543
1543
1544
1544
1544
1544
1546
1546
1548
1549
1552
1552
1553
1554
1554
1554
1555
1555
1559
1560
1560
1560
1560
1562
1564
1564
1565
1566
1566
1567
1567
1567
1570
1571
1571
1571
1572
1574
1574
1575
1577
1577
1578
1579
1579
1579
1581
1581
1583
1585
1586
1586
1589
1590
1591
1592
1592
1593
1593
1596
1597
1598
1599
1601
1601
1605
1605
1609
1611
1611
1611
1612
1615
1616
1617
1618
1619
1619
1620
1621
1624
1624
1625
1626
1626
1626
1626
1628
1628
1630
1631
1631
1631
1631
1632
1634
1634
1635
1635
1636
1636
1636
1637
1638
1640
1640
1640
1641
1643
1643
1643
1644
1644
1646
1646
1646
1648
1649
1650
1651
1651
1654
1654
1657
1658
1658
1661
1661
1662
1664
1666
1667
1668
1668
1668
1669
1669
1670
1671
1671
1672
1673
1679
1680
1680
1681
1682
1683
1685
1686
1687
1688
1688
1689
1689
1692
1693
1693
1693
1693
1694
1696
1697
1697
1699
1703
1704
1705
1707
1709
1709
1709
1709
1709
1713
1714
1714
1715
1715
1715
1715
1716
1717
1719
1721
1721
1721
1722
1723
1724
1727
1728
1730
1732
1732
1733
1733
1734
1734
1736
1738
1739
1739
1740
1742
1745
1746
1748
1748
1749
1751
1753
1753
1754
1755
1757
1757
1759
1763
1765
1765
1766
1768
1770
1771
1776
1778
1779
1779
1781
1781
1781
1785
1786
1787
1787
1787
1788
1789
1789
1791
1792
1793
1796
1796
1797
1798
1798
1799
1801
1802
1802
1803
1803
1804
1804
1804
1804
1805
1812
1813
1814
1814
1814
1817
1817
1821
1821
1822
1824
1825
1826
1827
1828
1828
1829
1829
1829
1832
1833
1833
1834
1834
1836
1836
1837
1839
1839
1842
1844
1846
1847
1847
1848
1848
1851
1852
1853
1854
1855
1856
1856
1856
1858
1860
1860
1860
1861
1862
1863
1863
1864
1864
1865
1865
1867
1871
1872
1873
1873
1873
1874
1874
1874
1875
1876
1879
1880
1881
1881
1884
1884
1886
1886
1886
1887
1889
1889
1890
1890
1891
1891
1891
1893
1897
1897
1898
1899
1900
1901
1901
1902
1903
1905
1907
1908
1909
1913
1913
1913
1914
1914
1914
1915
1916
1919
1920
1921
1926
1927
1928
1929
1929
1930
1934
1935
1938
1938
1940
1941
1942
1947
1947
1947
1947
1948
1951
1952
1953
1955
1957
1959
1962
1963
1963
1966
1967
1967
1968
1969
1970
1971
1973
1974
1974
1975
1977
1977
1979
1979
1980
1982
1984
1985
1987
1987
1988
1989
1989
1990
1991
1991
1996
1997
1997
1998
2000
2000
2001
2002
2003
2003
2009
2010
2010
2012
2015
2015
2017
2017
2018
2018
2019
2019
2020
2021
2021
2021
2022
2023
2023
2024
2025
2026
2026
2028
2031
2031
2031
2032
2032
2034
2034
2035
2035
2036
2037
2037
2037
2038
2038
2038
2039
2040
2042
2043
2044
2044
2045
2045
2046
2047
2048
2050
2050
2051
2052
2052
2055
2056
2056
2057
2058
2058
2059
2060
2062
2064
2064
2065
2065
2065
2065
2066
2067
2067
2069
2070
2070
2071
2072
2074
2075
2078
2079
2080
2080
2081
2084
2084
2084
2085
2086
2087
2087
2088
2090
2090
2091
2093
2093
2094
2094
2095
2095
2095
2096
2096
2098
2100
2101
2102
2103
2104
2106
2107
2108
2109
2110
2113
2113
2116
2116
2117
2117
2119
2120
2120
2121
2122
2122
2123
2123
2124
2126
2126
2126
2127
2128
2130
2131
2132
2133
2133
2133
2136
2136
2137
2137
2138
2139
2140
2141
2143
2143
2143
2144
2147
2148
2149
2151
2153
2154
2156
2157
2159
2159
2160
2161
2161
2162
2162
2164
2164
2164
2166
2166
2166
2168
2168
2168
2169
2170
2173
2173
2173
2173
2175
2179
2180
2183
2183
2185
2185
2187
2187
2188
2188
2189
2189
2189
2191
2192
2193
2193
2194
2194
2194
2195
2195
2196
2197
2197
2199
2199
2199
2199
2199
2200
2200
2201
2201
2206
2207
2207
2211
2211
2212
2215
2216
2217
2219
2219
2220
2222
2222
2225
2228
2228
2230
2232
2232
2234
2235
2235
2235
2236
2236
2238
2238
2239
2243
2243
2243
2247
2248
2249
2251
2252
2252
2254
2256
2258
2258
2258
2261
2262
2264
2264
2265
2265
2266
2266
2268
2271
2271
2274
2275
2276
2277
2282
2283
2283
2284
2284
2285
2285
2287
2288
2288
2288
2288
2290
2290
2292
2295
2295
2295
2295
2297
2297
2298
2299
2300
2302
2302
2303
2305
2307
2308
2309
2309
2311
2311
2311
2311
2311
2312
2314
2317
2317
2319
2319
2320
2322
2323
2324
2324
2324
2325
2330
2330
2330
2330
2332
2332
2332
2335
2338
2338
2339
2341
2341
2343
2345
2349
2351
2351
2352
2353
2355
2356
2356
2356
2356
2356
2356
2357
2358
2359
2360
2362
2362
2363
2363
2364
2366
2367
2367
2368
2369
2369
2371
2371
2371
2373
2374
2376
2380
2381
2382
2384
2384
2384
2386
2386
2386
2387
2388
2390
2390
2390
2391
2391
2393
2394
2394
2395
2395
2395
2395
2397
2398
2398
2398
2399
2400
2404
2404
2404
2408
2410
2411
2411
2412
2413
2413
2413
2414
2415
2415
2419
2419
2419
2420
2423
2423
2425
2428
2429
2431
2431
2432
2436
2436
2437
2437
2438
2438
2441
2443
2444
2445
2445
2447
2447
2447
2448
2449
2452
2454
2456
2456
2457
2458
2458
2458
2458
2461
2461
2462
2462
2463
2464
2466
2467
2468
2468
2469
2469
2471
2472
2472
2472
2473
2474
2474
2475
2475
2476
2477
2477
2478
2479
2482
2482
2483
2484
2484
2484
2485
2487
2488
2488
2489
2489
2489
2489
2491
2498
2500
2501
2502
2503
2504
2505
2505
2505
2506
2506
2507
2507
2509
2512
2513
2514
2514
2515
2516
2516
2517
2518
2519
2521
2522
2524
2524
2525
2526
2527
2529
2530
2531
2531
2535
2536
2537
2537
2538
2539
2539
2539
2539
2540
2540
2542
2543
2543
2544
2545
2546
2547
2547
2548
2549
2549
2558
2558
2559
2560
2560
2560
2560
2562
2563
2563
2563
2565
2565
2566
2566
2568
2568
2568
2571
2572
2572
2572
2574
2575
2575
2575
2576
2577
2577
2578
2578
2580
2580
2581
2582
2584
2585
2585
2585
2585
2586
2586
2589
2590
2592
2594
2595
2596
2596
2598
2601
2603
2605
2606
2607
2609
2609
2609
2609
2610
2610
2613
2613
2613
2614
2616
2617
2618
2618
2620
2620
2621
2622
2623
2628
2629
2631
2632
2632
2632
2633
2633
2635
2636
2638
2638
2640
2641
2641
2643
2644
2644
2644
2645
2645
2646
2646
2647
2647
2647
2648
2648
2649
2650
2650
2650
2651
2652
2654
2654
2655
2656
2656
2656
2657
2658
2658
2661
2663
2663
2665
2665
2666
2666
2667
2667
2667
2669
2670
2670
2670
2671
2672
2673
2674
2676
2678
2678
2678
2678
2681
2683
2684
2685
2686
2686
2688
2688
2691
2692
2693
2693
2694
2694
2697
2698
2698
2699
2699
2700
2700
2700
2700
2702
2702
2704
2706
2706
2706
2707
2708
2708
2710
2712
2712
2712
2712
2713
2714
2716
2719
2720
2721
2721
2721
2721
2722
2724
2725
2726
2726
2730
2731
2731
2734
2734
2735
2736
2737
2737
2739
2741
2742
2743
2745
2747
2747
2748
2748
2751
2751
2752
2753
2753
2755
2756
2757
2757
2758
2758
2758
2758
2759
2760
2760
2761
2762
2763
2763
2764
2764
2765
2766
2768
2769
2771
2772
2773
2773
2774
2777
2777
2779
2782
2782
2784
2786
2791
2791
2793
2793
2794
2794
2794
2797
2798
2799
2799
2799
2803
2803
2804
2804
2807
2808
2809
2811
2812
2812
2812
2813
2813
2814
2816
2816
2817
2819
2819
2820
2821
2821
2821
2824
2825
2828
2829
2829
2831
2832
2832
2833
2833
2835
2836
2839
2840
2841
2841
2842
2842
2843
2845
2846
2846
2847
2848
2849
2850
2850
2851
2852
2853
2856
2857
2858
2860
2862
2863
2863
2864
2864
2865
2866
2867
2868
2868
2868
2869
2870
2870
2871
2872
2874
2874
2875
2876
2876
2877
2877
2877
2878
2879
2880
2880
2881
2882
2883
2886
2887
2890
2895
2895
2899
2899
2901
2902
2902
2905
2905
2905
2906
2906
2907
2908
2911
2911
2912
2914
2916
2918
2918
2919
2920
2921
2923
2923
2924
2924
2925
2925
2927
2933
2933
2934
2935
2936
2938
2938
2938
2939
2940
2942
2943
2946
2946
2946
2947
2947
2949
2949
2951
2952
2952
2952
2954
2954
2955
2955
2955
2957
2957
2957
2958
2959
2959
2959
2959
2960
2961
2962
2962
2963
2964
2970
2970
2971
2971
2974
2974
2975
2975
2976
2977
2979
2980
2981
2982
2984
2985
2987
2988
2988
2989
2989
2989
2990
2991
2991
2991
2992
2992
2992
2995
2995
2996
2997
2998
2999
2999
3000
3000
3000
3001
3003
3003
3004
3004
3007
3008
3008
3010
3011
3012
3013
3015
3016
3016
3016
3016
3016
3018
3018
3021
3023
3023
3025
3026
3029
3029
3030
3030
3030
3030
3030
3031
3031
3032
3033
3033
3033
3035
3038
3041
3042
3042
3042
3042
3043
3046
3047
3048
3049
3049
3049
3052
3053
3053
3055
3056
3057
3057
3060
3060
3062
3063
3064
3065
3065
3065
3065
3065
3066
3066
3066
3067
3067
3068
3068
3069
3069
3070
3070
3070
3071
3071
3073
3076
3079
3079
3080
3081
3082
3082
3083
3083
3085
3087
3088
3091
3097
3098
3099
3100
3101
3103
3103
3103
3105
3105
3106
3106
3107
3108
3108
3110
3110
3110
3111
3117
3118
3118
3118
3120
3121
3121
3122
3124
3125
3126
3127
3128
3128
3129
3129
3130
3132
3133
3135
3135
3136
3138
3138
3138
3139
3140
3142
3144
3145
3146
3147
3147
3147
3148
3149
3149
3150
3151
3151
3152
3153
3153
3153
3155
3156
3156
3156
3158
3159
3161
3161
3161
3162
3163
3163
3165
3166
3167
3169
3169
3172
3172
3175
3176
3176
3177
3178
3179
3179
3181
3181
3181
3185
3185
3188
3189
3190
3191
3194
3194
3196
3197
3197
3197
3199
3200
3204
3205
3206
3207
3210
3211
3212
3213
3213
3213
3213
3215
3216
3216
3223
3227
3227
3227
3227
3227
3228
3229
3230
3234
3237
3239
3241
3242
3242
3243
3244
3244
3244
3244
3246
3246
3247
3249
3252
3253
3253
3255
3255
3256
3257
3258
3258
3258
3258
3259
3260
3261
3265
3267
3267
3268
3268
3269
3272
3273
3274
3274
3275
3280
3281
3281
3289
3294
3295
3296
3297
3298
3299
3301
3301
3302
3304
3304
3304
3304
3307
3307
3309
3309
3309
3310
3311
3311
3313
3314
3315
3317
3317
3317
3318
3318
3319
3320
3322
3322
3323
3326
3328
3328
3330
3332
3333
3333
3333
3335
3338
3339
3339
3341
3341
3342
3342
3342
3343
3344
3344
3344
3345
3346
3347
3351
3352
3353
3356
3357
3359
3361
3361
3363
3363
3364
3365
3368
3369
3369
3369
3370
3371
3373
3374
3374
3375
3375
3375
3376
3382
3383
3385
3385
3387
3389
3389
3390
3391
3391
3392
3394
3395
3397
3398
3399
3400
3401
3401
3403
3404
3406
3406
3406
3407
3408
3408
3408
3409
3411
3414
3415
3417
3417
3418
3421
3423
3423
3424
3427
3428
3428
3429
3430
3432
3432
3433
3435
3437
3438
3439
3439
3442
3445
3445
3445
3445
3445
3446
3449
3449
3451
3452
3453
3456
3457
3461
3461
3462
3462
3464
3464
3466
3466
3468
3468
3470
3470
3471
3472
3475
3476
3476
3477
3478
3479
3480
3481
3481
3482
3483
3488
3490
3490
3491
3492
3493
3493
3496
3497
3498
3499
3501
3502
3502
3504
3505
3505
3506
3506
3507
3509
3511
3511
3511
3512
3513
3514
3515
3521
3523
3523
3525
3526
3526
3526
3526
3528
3531
3531
3531
3532
3536
3536
3537
3538
3538
3540
3540
3540
3541
3543
3544
3545
3547
3548
3551
3552
3553
3553
3554
3556
3557
3558
3558
3559
3562
3563
3564
3565
3567
3568
3569
3570
3570
3571
3572
3572
3573
3575
3581
3581
3581
3582
3583
3583
3584
3587
3588
3590
3591
3592
3592
3593
3594
3594
3597
3598
3598
3600
3600
3601
3602
3602
3602
3603
3603
3604
3604
3605
3606
3607
3608
3609
3611
3612
3612
3616
3617
3618
3618
3618
3618
3618
3620
3621
3621
3621
3622
3622
3625
3626
3626
3630
3630
3630
3631
3633
3634
3635
3636
3637
3638
3638
3639
3640
3641
3641
3642
3644
3644
3645
3647
3649
3651
3652
3653
3653
3654
3654
3656
3658
3658
3659
3660
3660
3663
3665
3665
3667
3668
3669
3669
3670
3670
3671
3671
3673
3674
3674
3676
3676
3677
3677
3678
3678
3679
3679
3680
3680
3680
3682
3683
3684
3684
3685
3685
3686
3686
3687
3687
3687
3688
3689
3689
3690
3694
3695
3696
3697
3698
3699
3699
3699
3701
3703
3703
3705
3705
3705
3706
3710
3710
3711
3711
3711
3712
3713
3713
3714
3716
3717
3719
3719
3725
3725
3726
3727
3727
3728
3730
3731
3732
3733
3733
3734
3734
3737
3738
3738
3739
3744
3744
3745
3745
3746
3748
3749
3753
3754
3754
3754
3755
3756
3759
3759
3761
3761
3766
3766
3770
3770
3773
3775
3775
3778
3780
3781
3782
3784
3784
3784
3787
3789
3790
3790
3791
3791
3792
3792
3795
3795
3795
3796
3797
3798
3798
3801
3802
3802
3803
3804
3805
3806
3806
3810
3810
3813
3816
3817
3817
3817
3820
3820
3820
3820
3821
3821
3824
3825
3825
3826
3827
3828
3828
3828
3829
3831
3834
3836
3836
3837
3837
3837
3838
3838
3839
3840
3843
3846
3847
3847
3850
3851
3853
3853
3854
3854
3855
3857
3860
3860
3860
3861
3861
3862
3862
3863
3864
3865
3865
3866
3867
3867
3868
3869
3869
3869
3870
3871
3871
3872
3872
3873
3874
3875
3875
3877
3877
3878
3878
3879
3880
3883
3883
3883
3883
3883
3883
3884
3884
3885
3886
3888
3889
3891
3891
3892
3892
3893
3894
3895
3896
3898
3899
3900
3900
3900
3902
3902
3902
3903
3907
3907
3908
3909
3910
3910
3915
3915
3915
3915
3917
3920
3920
3923
3923
3925
3925
3925
3927
3929
3930
3932
3933
3933
3935
3936
3938
3940
3942
3944
3945
3949
3949
3950
3952
3953
3954
3956
3956
3957
3958
3958
3958
3959
3960
3960
3965
3966
3967
3969
3970
3974
3974
3975
3976
3976
3977
3977
3979
3980
3980
3980
3981
3983
3984
3985
3986
3986
3986
3987
3989
3990
3993
3993
3996
3996
3997
3998
4000
4001
4002
4003
4003
4004
4007
4008
4009
4010
4010
4011
4012
4014
4017
4017
4019
4019
4019
4021
4021
4022
4024
4025
4027
4028
4029
4030
4031
4032
4033
4033
4033
4033
4033
4034
4035
4036
4036
4037
4037
4041
4041
4041
4042
4042
4043
4044
4044
4044
4044
4045
4045
4045
4046
4046
4046
4046
4047
4048
4049
4049
4052
4053
4053
4054
4055
4055
4056
4056
4057
4058
4059
4059
4060
4060
4062
4063
4063
4064
4064
4067
4067
4067
4068
4069
4069
4070
4071
4071
4071
4072
4073
4073
4074
4074
4074
4075
4075
4075
4076
4077
4077
4079
4079
4079
4081
4081
4083
4083
4084
4084
4085
4090
4090
4090
4091
4092
4093
4095
4096
4097
4099
4100
4102
4102
4102
4103
4105
4108
4109
4109
4110
4110
4111
4112
4112
4112
4112
4113
4114
4115
4116
4116
4117
4119
4119
4120
4120
4122
4122
4122
4123
4126
4126
4126
4127
4128
4129
4130
4130
4130
4132
4132
4133
4135
4136
4142
4142
4143
4145
4146
4147
4150
4150
4151
4156
4156
4158
4159
4161
4161
4162
4164
4165
4165
4165
4166
4166
4166
4167
4169
4171
4171
4172
4175
4177
4177
4177
4179
4179
4179
4179
4180
4181
4182
4183
4186
4186
4187
4187
4188
4190
4192
4196
4196
4198
4198
4198
4199
4201
4202
4204
4204
4206
4207
4207
4207
4208
4216
4217
4218
4219
4220
4222
4222
4223
4223
4224
4225
4226
4227
4229
4230
4230
4231
4232
4233
4233
4235
4235
4236
4237
4237
4238
4238
4239
4239
4242
4242
4244
4245
4245
4249
4249
4250
4252
4252
4252
4253
4255
4255
4256
4257
4257
4257
4260
4261
4262
4265
4265
4266
4266
4267
4268
4271
4273
4273
4274
4275
4276
4276
4278
4280
4282
4283
4283
4285
4285
4286
4289
4290
4296
4296
4298
4298
4299
4300
4301
4303
4303
4304
4305
4307
4307
4307
4309
4309
4310
4310
4312
4313
4313
4313
4314
4315
4315
4316
4316
4316
4316
4316
4317
4317
4319
4320
4322
4322
4322
4323
4323
4324
4324
4324
4327
4328
4329
4329
4330
4339
4339
4341
4341
4342
4344
4346
4347
4348
4348
4350
4350
4352
4353
4356
4356
4357
4357
4358
4359
4359
4360
4360
4360
4360
4361
4361
4362
4363
4363
4365
4366
4366
4367
4369
4369
4371
4372
4373
4374
4374
4374
4380
4381
4381
4381
4384
4388
4388
4390
4391
4391
4392
4394
4394
4394
4395
4395
4396
4396
4397
4398
4398
4398
4400
4400
4402
4403
4405
4407
4408
4408
4408
4409
4409
4409
4411
4412
4412
4412
4412
4412
4414
4416
4416
4418
4418
4420
4421
4421
4422
4423
4423
4424
4424
4425
4426
4429
4430
4430
4433
4435
4436
4436
4439
4440
4441
4443
4444
4444
4445
4446
4448
4448
4452
4453
4453
4455
4455
4456
4457
4457
4458
4459
4460
4461
4461
4461
4461
4462
4462
4463
4464
4465
4465
4466
4469
4471
4473
4474
4474
4476
4478
4478
4479
4480
4481
4481
4481
4482
4482
4485
4485
4486
4488
4488
4490
4490
4491
4491
4491
4491
4491
4493
4494
4494
4495
4497
4498
4499
4499
4499
4501
4502
4505
4505
4506
4507
4509
4510
4510
4511
4512
4515
4515
4516
4519
4521
4523
4523
4524
4527
4527
4528
4529
4530
4531
4531
4534
4536
4537
4538
4539
4542
4542
4544
4544
4545
4547
4548
4548
4552
4554
4554
4558
4558
4559
4561
4563
4563
4565
4569
4570
4571
4571
4572
4573
4573
4574
4574
4577
4578
4578
4580
4580
4580
4580
4580
4581
4583
4584
4588
4589
4590
4592
4595
4596
4597
4597
4598
4599
4600
4600
4602
4602
4603
4603
4605
4606
4607
4608
4609
4609
4609
4612
4614
4614
4616
4618
4619
4620
4621
4622
4623
4625
4626
4628
4629
4630
4630
4631
4632
4632
4633
4635
4635
4636
4636
4636
4636
4637
4638
4638
4639
4639
4640
4640
4641
4641
4641
4641
4643
4643
4645
4646
4647
4647
4649
4649
4649
4649
4650
4651
4652
4652
4652
4655
4655
4657
4657
4660
4663
4664
4665
4665
4666
4666
4667
4668
4669
4669
4671
4673
4674
4675
4675
4676
4676
4678
4679
4680
4681
4682
4682
4683
4684
4684
4685
4685
4692
4692
4693
4695
4698
4702
4703
4703
4704
4704
4707
4709
4709
4709
4709
4710
4710
4712
4712
4714
4714
4715
4715
4716
4717
4718
4719
4719
4719
4721
4723
4723
4725
4728
4728
4730
4731
4732
4732
4733
4734
4736
4738
4738
4738
4739
4739
4740
4741
4741
4741
4743
4744
4744
4744
4745
4746
4748
4751
4752
4752
4755
4756
4756
4757
4758
4758
4760
4761
4762
4762
4762
4762
4763
4764
4764
4764
4766
4767
4768
4768
4768
4769
4770
4772
4776
4778
4779
4780
4780
4780
4783
4783
4784
4784
4786
4786
4786
4787
4788
4788
4789
4789
4793
4793
4794
4794
4795
4795
4795
4796
4797
4800
4801
4801
4801
4803
4804
4804
4805
4807
4807
4807
4808
4808
4810
4811
4813
4815
4815
4815
4815
4816
4818
4818
4821
4821
4821
4822
4822
4823
4824
4824
4824
4825
4825
4826
4826
4828
4828
4830
4831
4833
4834
4834
4837
4838
4839
4840
4843
4843
4845
4845
4845
4845
4846
4847
4848
4853
4853
4854
4856
4856
4857
4858
4858
4858
4859
4861
4861
4863
4864
4865
4865
4866
4866
4867
4870
4871
4872
4872
4872
4873
4874
4877
4877
4878
4881
4881
4881
4882
4885
4885
4888
4888
4889
4889
4890
4896
4897
4897
4898
4898
4898
4898
4898
4899
4899
4901
4901
4902
4902
4902
4904
4905
4906
4909
4909
4909
4914
4915
4915
4916
4917
4918
4918
4919
4919
4920
4921
4921
4926
4927
4928
4928
4929
4929
4929
4930
4930
4932
4934
4934
4935
4936
4937
4938
4939
4940
4942
4942
4942
4943
4944
4946
4946
4947
4948
4948
4948
4948
4949
4949
4949
4951
4951
4952
4953
4955
4955
4955
4956
4960
4960
4962
4963
4963
4964
4966
4966
4966
4967
4967
4968
4968
4970
4970
4973
4973
4973
4974
4974
4974
4976
4977
4977
4978
4981
4981
4981
4982
4983
4985
4985
4985
4986
4987
4987
4988
4989
4989
4989
4989
4990
4991
4991
4993
4993
4993
4993
4996
4996
4997
4998
4999
5000
5001
5004
5004
5006
5007
5008
5009
5010
5011
5015
5016
5019
5020
5021
5022
5022
5025
5026
5026
5028
5028
5029
5030
5030
5030
5030
5033
5033
5035
5035
5035
5036
5038
5041
5042
5044
5044
5045
5046
5046
5047
5047
5048
5051
5052
5052
5052
5053
5053
5054
5055
5057
5057
5059
5059
5059
5060
5063
5063
5063
5063
5065
5066
5067
5067
5068
5069
5072
5073
5077
5077
5078
5078
5080
5080
5082
5082
5083
5083
5086
5086
5086
5087
5089
5090
5091
5091
5093
5094
5095
5095
5095
5096
5096
5096
5097
5098
5098
5098
5098
5102
5104
5105
5108
5109
5109
5111
5114
5114
5118
5119
5120
5123
5123
5123
5124
5126
5128
5129
5130
5130
5130
5131
5132
5134
5135
5140
5141
5143
5144
5146
5146
5147
5148
5150
5151
5152
5154
5154
5160
5162
5162
5167
5167
5168
5169
5169
5170
5172
5173
5175
5175
5175
5175
5176
5176
5177
5178
5181
5181
5182
5184
5185
5186
5186
5187
5188
5189
5190
5190
5191
5193
5193
5194
5194
5196
5196
5197
5202
5202
5203
5203
5203
5206
5210
5210
5211
5212
5215
5215
5216
5216
5217
5217
5217
5218
5220
5223
5224
5224
5226
5226
5227
5227
5227
5228
5229
5233
5233
5234
5235
5236
5237
5238
5241
5241
5243
5244
5244
5245
5245
5246
5247
5250
5251
5251
5251
5252
5253
5253
5254
5254
5255
5256
5257
5257
5258
5262
5265
5268
5270
5271
5272
5275
5276
5276
5277
5277
5277
5278
5279
5281
5282
5282
5283
5284
5284
5288
5288
5289
5289
5290
5294
5294
5295
5300
5300
5300
5301
5303
5303
5304
5305
5305
5306
5307
5307
5311
5312
5316
5317
5318
5318
5318
5318
5318
5319
5319
5319
5321
5321
5322
5324
5324
5325
5325
5326
5326
5327
5327
5329
5329
5330
5332
5332
5333
5334
5335
5336
5336
5338
5339
5339
5340
5341
5344
5346
5346
5347
5349
5349
5350
5351
5352
5353
5354
5356
5357
5360
5363
5365
5365
5368
5368
5372
5372
5373
5373
5376
5377
5380
5381
5381
5385
5385
5385
5386
5389
5391
5391
5392
5393
5393
5393
5394
5395
5395
5396
5396
5396
5396
5397
5398
5399
5400
5401
5403
5403
5404
5404
5405
5405
5406
5406
5407
5407
5411
5412
5412
5414
5415
5418
5418
5420
5420
5420
5423
5426
5426
5428
5430
5431
5431
5432
5433
5434
5435
5435
5436
5437
5439
5440
5440
5440
5441
5441
5442
5442
5443
5444
5445
5445
5445
5446
5446
5447
5448
5448
5449
5450
5450
5452
5453
5455
5455
5456
5457
5458
5459
5460
5461
5461
5461
5462
5463
5464
5464
5464
5465
5467
5468
5468
5469
5469
5470
5470
5470
5472
5473
5473
5476
5477
5477
5477
5478
5478
5479
5480
5480
5481
5482
5483
5484
5484
5485
5486
5487
5488
5489
5490
5492
5492
5493
5493
5493
5496
5496
5497
5499
5501
5501
5501
5502
5507
5508
5512
5513
5513
5513
5515
5516
5516
5517
5517
5518
5518
5518
5518
5518
5521
5521
5523
5523
5523
5524
5525
5526
5526
5528
5530
5532
5534
5534
5534
5534
5535
5535
5536
5536
5536
5537
5537
5537
5537
5538
5540
5540
5540
5541
5541
5542
5543
5545
5545
5546
5546
5547
5549
5549
5549
5549
5550
5551
5551
5551
5552
5554
5554
5555
5555
5559
5561
5567
5567
5568
5571
5572
5573
5575
5576
5576
5577
5577
5577
5579
5579
5580
5580
5581
5581
5582
5583
5583
5583
5583
5584
5586
5588
5590
5590
5591
5591
5591
5592
5593
5596
5598
5598
5599
5600
5601
5601
5603
5603
5604
5605
5605
5605
5607
5607
5607
5607
5608
5608
5609
5610
5610
5611
5612
5612
5614
5614
5616
5616
5618
5621
5622
5623
5624
5624
5625
5626
5628
5628
5629
5631
5632
5632
5634
5635
5636
5638
5638
5638
5639
5643
5643
5644
5647
5648
5648
5648
5648
5649
5650
5650
5651
5652
5653
5655
5657
5657
5658
5658
5658
5660
5660
5660
5661
5662
5665
5665
5666
5667
5667
5668
5669
5669
5671
5671
5671
5672
5673
5676
5677
5679
5679
5680
5680
5681
5682
5684
5684
5687
5687
5689
5690
5691
5691
5691
5692
5694
5695
5695
5698
5699
5702
5702
5703
5707
5709
5709
5710
5711
5711
5713
5714
5714
5714
5717
5718
5718
5719
5719
5720
5721
5722
5723
5723
5724
5725
5725
5726
5726
5728
5733
5734
5734
5734
5735
5738
5738
5741
5741
5746
5746
5746
5746
5747
5747
5749
5750
5750
5751
5752
5753
5754
5754
5755
5757
5758
5761
5761
5762
5762
5763
5763
5764
5765
5766
5767
5767
5768
5769
5772
5773
5774
5777
5777
5778
5780
5781
5784
5785
5785
5786
5786
5786
5787
5789
5790
5791
5792
5793
5793
5795
5795
5795
5796
5797
5798
5800
5801
5801
5802
5803
5805
5808
5809
5810
5810
5811
5812
5814
5814
5817
5818
5818
5819
5819
5819
5819
5820
5822
5822
5823
5825
5829
5829
5830
5830
5832
5832
5832
5834
5835
5836
5837
5838
5838
5840
5844
5844
5844
5847
5848
5850
5852
5852
5853
5854
5855
5856
5857
5858
5860
5860
5860
5862
5864
5866
5866
5870
5870
5872
5873
5874
5874
5874
5876
5876
5877
5878
5879
5879
5880
5880
5881
5881
5882
5883
5883
5884
5885
5886
5888
5889
5892
5894
5897
5898
5899
5901
5902
5903
5903
5905
5906
5907
5907
5909
5910
5910
5911
5913
5916
5917
5920
5920
5921
5921
5922
5924
5925
5926
5927
5928
5930
5931
5933
5934
5935
5937
5938
5939
5939
5940
5941
5943
5944
5944
5944
5945
5947
5951
5952
5953
5956
5957
5958
5959
5960
5962
5963
5965
5966
5967
5968
5969
5970
5970
5972
5972
5973
5975
5976
5977
5981
5983
5983
5987
5987
5987
5992
5992
5992
5993
5993
5994
5995
5996
5998
5998
5999
5999
5999
6000
6002
6002
6003
6005
6006
6007
6007
6008
6008
6008
6009
6009
6013
6015
6017
6019
6022
6022
6023
6024
6024
6025
6026
6026
6027
6028
6028
6028
6028
6029
6029
6029
6030
6030
6030
6031
6031
6031
6033
6034
6038
6040
6040
6041
6041
6043
6043
6045
6045
6046
6047
6049
6049
6050
6051
6052
6053
6053
6054
6054
6055
6055
6055
6056
6056
6057
6057
6057
6057
6057
6060
6061
6062
6062
6063
6063
6064
6064
6065
6066
6067
6068
6068
6069
6073
6073
6074
6076
6076
6078
6078
6078
6080
6080
6082
6084
6085
6086
6086
6086
6087
6087
6090
6091
6092
6094
6094
6095
6096
6098
6098
6099
6102
6108
6108
6113
6113
6114
6118
6118
6119
6119
6119
6119
6121
6122
6122
6123
6124
6125
6125
6126
6126
6126
6127
6127
6127
6128
6131
6131
6134
6134
6134
6134
6139
6143
6144
6145
6146
6147
6148
6150
6150
6151
6151
6153
6154
6157
6158
6159
6160
6160
6161
6161
6162
6162
6163
6163
6166
6167
6169
6170
6170
6171
6171
6171
6172
6174
6175
6175
6177
6177
6177
6177
6179
6180
6180
6180
6181
6183
6184
6184
6185
6185
6186
6187
6191
6191
6193
6196
6197
6198
6198
6198
6198
6201
6201
6201
6203
6204
6204
6205
6206
6207
6208
6209
6209
6211
6211
6212
6214
6215
6215
6216
6216
6217
6217
6217
6219
6219
6220
6221
6227
6228
6229
6232
6232
6232
6232
6233
6235
6236
6236
6239
6239
6239
6240
6242
6242
6243
6243
6244
6245
6246
6249
6250
6250
6250
6251
6252
6255
6256
6256
6257
6258
6259
6261
6262
6262
6262
6263
6264
6266
6267
6267
6268
6268
6269
6270
6270
6272
6274
6275
6275
6275
6278
6278
6280
6280
6280
6281
6283
6284
6284
6284
6285
6286
6287
6290
6290
6290
6291
6293
6293
6294
6296
6296
6298
6298
6299
6299
6301
6302
6302
6302
6302
6304
6304
6307
6309
6309
6313
6313
6313
6313
6314
6316
6323
6323
6324
6325
6325
6326
6326
6328
6329
6331
6332
6333
6333
6333
6334
6335
6336
6338
6338
6338
6338
6338
6340
6340
6341
6342
6343
6344
6345
6345
6346
6347
6347
6349
6349
6350
6352
6354
6355
6355
6355
6357
6358
6358
6359
6361
6361
6363
6365
6365
6366
6367
6368
6368
6368
6371
6372
6372
6373
6373
6374
6374
6374
6376
6377
6377
6379
6380
6382
6382
6385
6386
6387
6389
6390
6390
6390
6391
6391
6392
6392
6393
6393
6397
6397
6398
6399
6399
6400
6403
6405
6409
6410
6411
6412
6413
6413
6413
6414
6414
6415
6416
6416
6418
6419
6421
6421
6423
6424
6425
6425
6428
6428
6430
6430
6431
6432
6433
6434
6435
6435
6436
6437
6439
6439
6439
6440
6440
6442
6442
6443
6444
6447
6448
6451
6451
6452
6455
6456
6458
6458
6459
6459
6460
6460
6461
6462
6462
6463
6464
6464
6465
6466
6468
6468
6469
6470
6471
6471
6475
6476
6476
6477
6477
6477
6478
6478
6479
6479
6484
6484
6485
6485
6486
6486
6486
6486
6487
6488
6490
6493
6493
6494
6498
6499
6501
6502
6502
6504
6505
6505
6505
6505
6506
6506
6508
6508
6508
6509
6511
6512
6512
6513
6513
6514
6516
6517
6517
6517
6519
6523
6526
6527
6529
6529
6533
6534
6534
6534
6537
6538
6538
6539
6540
6542
6542
6542
6542
6544
6546
6547
6551
6552
6553
6555
6555
6556
6557
6558
6558
6559
6560
6560
6563
6564
6564
6565
6565
6566
6566
6566
6567
6567
6569
6569
6572
6573
6573
6574
6575
6576
6577
6580
6583
6585
6585
6588
6589
6589
6589
6590
6591
6592
6592
6593
6594
6595
6595
6596
6596
6600
6600
6601
6602
6603
6603
6604
6605
6606
6607
6607
6608
6609
6611
6614
6616
6620
6620
6621
6621
6621
6621
6624
6631
6632
6632
6633
6633
6633
6635
6636
6637
6638
6639
6640
6640
6640
6640
6641
6641
6642
6642
6643
6644
6644
6645
6650
6651
6652
6654
6654
6655
6656
6657
6659
6659
6661
6661
6661
6661
6662
6664
6665
6665
6665
6668
6671
6671
6671
6672
6673
6675
6678
6679
6680
6681
6682
6682
6682
6684
6685
6686
6688
6690
6691
6692
6694
6695
6695
6695
6696
6696
6697
6699
6699
6700
6700
6701
6701
6702
6702
6702
6703
6703
6705
6705
6706
6707
6707
6709
6711
6711
6711
6712
6712
6712
6713
6713
6713
6714
6715
6715
6715
6716
6717
6717
6717
6718
6720
6720
6721
6724
6724
6725
6726
6727
6727
6727
6729
6729
6729
6731
6734
6735
6735
6736
6736
6736
6738
6739
6740
6743
6743
6743
6744
6744
6746
6747
6747
6748
6748
6749
6750
6751
6752
6753
6753
6754
6755
6755
6756
6757
6758
6758
6758
6759
6762
6764
6764
6764
6765
6766
6767
6768
6770
6770
6771
6771
6771
6772
6773
6775
6775
6775
6777
6777
6778
6778
6778
6779
6780
6782
6785
6787
6788
6788
6789
6791
6792
6792
6793
6793
6794
6795
6795
6796
6796
6796
6797
6800
6800
6801
6801
6801
6803
6803
6803
6804
6805
6805
6806
6810
6812
6812
6815
6818
6820
6822
6822
6822
6826
6827
6830
6831
6832
6832
6834
6837
6838
6838
6838
6839
6839
6841
6841
6841
6843
6847
6848
6848
6849
6850
6851
6851
6854
6854
6855
6855
6856
6858
6859
6861
6861
6862
6862
6862
6863
6863
6865
6865
6865
6865
6865
6867
6868
6868
6868
6869
6869
6870
6870
6872
6873
6874
6874
6876
6877
6877
6878
6879
6882
6882
6884
6886
6887
6887
6889
6890
6890
6891
6892
6893
6893
6894
6894
6894
6895
6896
6897
6897
6898
6900
6900
6902
6902
6904
6904
6905
6906
6906
6907
6907
6907
6908
6908
6911
6911
6912
6914
6915
6919
6919
6920
6920
6921
6922
6923
6923
6924
6925
6927
6928
6929
6933
6933
6935
6935
6936
6936
6936
6937
6938
6939
6941
6942
6944
6944
6944
6945
6946
6946
6947
6948
6953
6953
6954
6954
6955
6959
6960
6961
6962
6962
6962
6963
6965
6967
6967
6967
6967
6968
6969
6970
6972
6972
6974
6974
6975
6976
6976
6977
6980
6980
6981
6981
6981
6983
6984
6985
6985
6986
6986
6987
6987
6988
6989
6992
6992
6992
6994
6995
6995
6996
6996
6998
6998
7003
7008
7009
7011
7011
7011
7013
7014
7015
7015
7015
7016
7017
7020
7021
7022
7023
7023
7024
7024
7025
7025
7026
7026
7027
7031
7032
7033
7034
7034
7035
7035
7037
7042
7042
7043
7043
7044
7044
7044
7045
7045
7046
7047
7049
7050
7050
7050
7052
7055
7060
7062
7063
7064
7064
7065
7065
7066
7069
7071
7072
7072
7072
7073
7075
7075
7075
7076
7076
7077
7077
7079
7083
7083
7084
7084
7084
7084
7085
7086
7087
7087
7088
7089
7091
7091
7091
7092
7092
7092
7093
7094
7094
7095
7097
7097
7101
7104
7105
7106
7106
7106
7106
7108
7113
7113
7114
7114
7116
7118
7118
7119
7120
7120
7123
7125
7125
7127
7127
7128
7128
7129
7131
7131
7132
7132
7135
7135
7135
7137
7137
7140
7141
7143
7143
7144
7144
7144
7144
7145
7147
7147
7147
7148
7148
7149
7149
7150
7150
7151
7152
7152
7152
7153
7153
7155
7156
7158
7159
7159
7159
7159
7163
7163
7163
7164
7166
7167
7169
7170
7172
7172
7176
7176
7177
7177
7177
7178
7178
7179
7179
7183
7184
7184
7185
7186
7187
7187
7188
7188
7190
7190
7193
7194
7195
7196
7196
7196
7198
7198
7199
7199
7199
7201
7203
7203
7204
7206
7206
7208
7208
7210
7211
7211
7211
7212
7214
7215
7218
7218
7219
7219
7220
7221
7221
7227
7232
7232
7232
7237
7238
7241
7243
7243
7244
7244
7245
7245
7246
7246
7248
7249
7249
7249
7249
7250
7250
7251
7254
7256
7257
7258
7259
7260
7260
7261
7264
7265
7266
7267
7267
7267
7267
7268
7270
7270
7271
7271
7273
7279
7279
7279
7282
7285
7288
7288
7289
7289
7290
7290
7297
7299
7299
7300
7300
7301
7301
7303
7303
7304
7304
7305
7306
7308
7309
7309
7310
7310
7312
7312
7316
7317
7319
7319
7323
7325
7325
7327
7329
7332
7333
7334
7337
7337
7337
7339
7339
7341
7342
7343
7343
7344
7346
7346
7351
7352
7354
7357
7360
7361
7362
7364
7367
7367
7368
7368
7369
7370
7372
7373
7374
7374
7375
7375
7375
7376
7376
7377
7378
7378
7378
7379
7384
7385
7386
7387
7387
7389
7390
7390
7392
7392
7393
7393
7399
7399
7400
7402
7406
7407
7409
7410
7410
7410
7411
7412
7413
7416
7417
7418
7419
7419
7420
7420
7421
7423
7426
7426
7426
7426
7428
7430
7430
7430
7432
7433
7434
7435
7435
7436
7438
7439
7440
7441
7441
7442
7442
7446
7447
7448
7450
7450
7451
7451
7452
7454
7456
7458
7458
7462
7462
7463
7464
7464
7465
7465
7466
7468
7469
7471
7471
7472
7473
7474
7474
7475
7476
7477
7477
7477
7479
7480
7481
7483
7483
7484
7485
7486
7487
7488
7489
7489
7489
7490
7490
7490
7490
7490
7490
7492
7492
7494
7496
7497
7497
7498
7499
7502
7503
7503
7503
7505
7508
7508
7508
7509
7509
7512
7513
7514
7514
7514
7515
7515
7516
7520
7520
7523
7523
7523
7526
7526
7526
7526
7527
7528
7529
7530
7530
7531
7532
7534
7534
7535
7538
7539
7541
7543
7544
7546
7547
7548
7548
7549
7549
7552
7553
7554
7556
7556
7556
7557
7560
7561
7562
7563
7564
7564
7566
7566
7566
7568
7570
7574
7576
7580
7582
7583
7584
7585
7585
7588
7588
7589
7589
7590
7590
7590
7590
7591
7592
7592
7593
7594
7595
7596
7596
7598
7599
7599
7600
7601
7601
7602
7603
7603
7605
7607
7608
7609
7609
7611
7614
7616
7618
7620
7620
7621
7621
7622
7622
7622
7623
7624
7624
7626
7628
7635
7635
7637
7637
7638
7638
7639
7639
7639
7639
7640
7642
7643
7643
7643
7647
7647
7648
7649
7650
7651
7651
7654
7654
7656
7656
7657
7658
7659
7659
7661
7661
7662
7663
7663
7665
7668
7669
7671
7671
7672
7673
7674
7674
7674
7677
7677
7677
7677
7678
7678
7681
7681
7681
7682
7683
7683
7683
7683
7684
7684
7685
7686
7686
7686
7687
7688
7688
7689
7690
7691
7692
7692
7693
7693
7694
7698
7698
7698
7703
7703
7705
7706
7707
7709
7709
7710
7711
7714
7715
7715
7716
7717
7720
7727
7727
7728
7730
7731
7732
7732
7732
7733
7734
7735
7735
7736
7737
7737
7737
7737
7740
7740
7743
7744
7744
7747
7752
7754
7754
7754
7755
7757
7758
7758
7758
7760
7760
7761
7762
7763
7767
7769
7770
7770
7771
7772
7774
7775
7775
7775
7776
7776
7777
7778
7780
7783
7783
7783
7783
7784
7784
7784
7785
7786
7786
7787
7788
7790
7791
7791
7792
7793
7794
7794
7794
7795
7795
7795
7795
7797
7798
7798
7799
7799
7799
7800
7801
7801
7802
7802
7805
7805
7806
7806
7807
7810
7810
7811
7812
7813
7814
7814
7819
7819
7820
7820
7821
7822
7823
7823
7824
7829
7829
7830
7830
7830
7831
7831
7831
7834
7834
7834
7834
7834
7835
7836
7837
7838
7838
7838
7840
7840
7841
7841
7842
7842
7843
7844
7845
7845
7847
7847
7847
7848
7849
7849
7850
7850
7851
7854
7856
7857
7857
7862
7864
7865
7866
7867
7868
7868
7868
7869
7869
7869
7870
7870
7872
7872
7873
7873
7873
7874
7874
7875
7875
7876
7877
7878
7880
7881
7881
7882
7882
7884
7884
7884
7885
7885
7885
7887
7889
7889
7890
7891
7892
7892
7893
7894
7896
7896
7897
7897
7897
7898
7898
7899
7900
7900
7900
7902
7904
7904
7904
7906
7907
7910
7911
7913
7913
7915
7916
7916
7919
7920
7924
7925
7925
7927
7928
7929
7931
7931
7932
7932
7932
7933
7934
7934
7935
7936
7937
7938
7938
7938
7939
7939
7940
7940
7940
7941
7941
7942
7943
7943
7943
7943
7945
7946
7946
7949
7950
7951
7951
7952
7952
7954
7955
7955
7955
7955
7957
7957
7961
7962
7963
7963
7964
7965
7967
7967
7968
7968
7972
7976
7976
7976
7978
7978
7979
7979
7980
7980
7981
7981
7981
7981
7982
7982
7983
7983
7984
7984
7984
7985
7986
7987
7987
7989
7989
7990
7991
7991
7992
7992
7993
7993
7994
7994
7995
7995
7996
7997
8000
8001
8004
8004
8005
8006
8009
8011
8011
8012
8012
8012
8013
8014
8015
8017
8017
8018
8018
8021
8021
8021
8023
8023
8025
8025
8027
8027
8028
8028
8030
8031
8031
8033
8034
8034
8035
8036
8036
8036
8036
8038
8038
8041
8042
8042
8044
8045
8045
8045
8047
8050
8050
8050
8053
8054
8055
8056
8057
8058
8058
8059
8060
8060
8062
8064
8064
8065
8065
8067
8067
8068
8070
8070
8071
8071
8072
8073
8073
8074
8075
8076
8076
8077
8077
8078
8079
8080
8081
8081
8082
8083
8083
8083
8084
8085
8085
8087
8088
8090
8091
8091
8091
8091
8092
8092
8093
8093
8098
8099
8100
8101
8101
8102
8103
8104
8105
8105
8106
8108
8108
8109
8109
8110
8110
8111
8111
8112
8112
8113
8114
8116
8118
8118
8121
8123
8123
8123
8125
8126
8127
8129
8129
8131
8132
8137
8137
8137
8139
8142
8143
8144
8148
8149
8152
8152
8153
8154
8155
8156
8156
8156
8156
8157
8157
8159
8159
8160
8160
8161
8161
8161
8161
8162
8162
8164
8165
8165
8165
8170
8175
8177
8177
8177
8178
8179
8179
8180
8182
8183
8184
8184
8185
8185
8186
8186
8187
8188
8188
8188
8188
8190
8191
8194
8195
8195
8196
8196
8199
8201
8201
8201
8201
8203
8206
8207
8207
8212
8213
8215
8216
8217
8219
8219
8221
8221
8222
8223
8223
8224
8227
8227
8228
8230
8230
8231
8234
8236
8236
8238
8238
8238
8238
8239
8239
8241
8242
8243
8243
8244
8244
8244
8245
8246
8246
8247
8249
8250
8250
8251
8251
8252
8252
8254
8254
8254
8255
8256
8258
8258
8259
8259
8263
8264
8264
8264
8265
8265
8268
8269
8270
8271
8271
8271
8272
8273
8274
8274
8274
8275
8276
8276
8276
8276
8277
8277
8281
8282
8284
8285
8285
8285
8286
8287
8292
8292
8292
8293
8295
8295
8299
8299
8301
8301
8302
8304
8305
8305
8305
8306
8307
8308
8311
8312
8313
8314
8314
8316
8319
8319
8320
8320
8320
8322
8322
8323
8323
8324
8325
8326
8330
8333
8334
8334
8337
8337
8338
8340
8340
8341
8341
8342
8343
8345
8346
8347
8348
8348
8349
8350
8351
8352
8352
8353
8354
8355
8356
8358
8359
8359
8359
8360
8361
8362
8362
8362
8362
8363
8365
8366
8368
8368
8368
8369
8369
8370
8371
8371
8372
8372
8372
8372
8372
8373
8373
8374
8377
8378
8378
8379
8379
8379
8381
8381
8383
8384
8385
8385
8385
8386
8389
8389
8391
8393
8394
8394
8396
8397
8397
8399
8400
8402
8402
8402
8402
8403
8403
8405
8405
8406
8406
8407
8410
8412
8412
8415
8415
8419
8419
8420
8420
8421
8422
8423
8424
8425
8425
8425
8426
8426
8427
8428
8430
8430
8430
8430
8430
8434
8435
8438
8440
8440
8441
8445
8445
8445
8446
8446
8446
8448
8448
8449
8449
8450
8453
8453
8454
8454
8462
8462
8466
8467
8468
8468
8468
8471
8472
8474
8475
8477
8479
8481
8481
8482
8482
8483
8484
8484
8484
8484
8485
8486
8487
8487
8487
8488
8489
8489
8490
8491
8493
8494
8495
8495
8496
8497
8498
8501
8502
8504
8504
8504
8505
8505
8507
8507
8509
8509
8509
8509
8509
8510
8512
8512
8512
8513
8516
8516
8517
8517
8518
8523
8524
8529
8530
8530
8530
8531
8531
8531
8534
8534
8538
8538
8540
8540
8540
8542
8543
8545
8545
8546
8547
8547
8547
8548
8549
8550
8553
8554
8554
8554
8555
8555
8555
8556
8556
8557
8557
8557
8562
8563
8570
8570
8570
8571
8573
8575
8578
8579
8580
8583
8586
8586
8587
8589
8590
8590
8592
8592
8594
8594
8595
8596
8597
8600
8600
8601
8601
8602
8603
8603
8603
8604
8604
8604
8607
8611
8613
8613
8613
8615
8615
8616
8616
8616
8618
8618
8621
8622
8623
8623
8623
8623
8624
8624
8625
8626
8626
8628
8628
8628
8630
8633
8633
8633
8634
8636
8637
8638
8640
8641
8642
8642
8642
8643
8644
8645
8645
8645
8645
8647
8649
8650
8650
8651
8651
8651
8651
8653
8653
8654
8656
8657
8657
8659
8659
8659
8659
8660
8661
8662
8663
8664
8665
8666
8667
8667
8668
8671
8671
8673
8673
8675
8676
8677
8678
8679
8680
8680
8680
8681
8682
8682
8682
8683
8683
8684
8684
8685
8687
8688
8688
8689
8689
8690
8690
8692
8692
8695
8696
8697
8698
8698
8699
8699
8699
8700
8700
8701
8702
8702
8702
8703
8703
8705
8708
8709
8710
8710
8711
8711
8712
8713
8716
8717
8718
8718
8720
8721
8722
8723
8723
8724
8724
8724
8725
8725
8727
8728
8728
8729
8729
8730
8730
8732
8733
8733
8733
8733
8733
8734
8735
8735
8736
8738
8738
8738
8740
8740
8741
8743
8743
8744
8744
8745
8745
8745
8745
8746
8747
8749
8749
8751
8751
8752
8754
8754
8755
8756
8757
8757
8757
8758
8760
8762
8762
8762
8764
8765
8765
8767
8768
8768
8768
8769
8770
8771
8771
8773
8774
8774
8775
8778
8779
8780
8782
8782
8782
8785
8786
8786
8786
8787
8787
8788
8789
8791
8794
8794
8796
8798
8799
8799
8800
8800
8801
8801
8802
8802
8803
8804
8806
8806
8808
8808
8808
8809
8811
8814
8815
8815
8816
8818
8818
8818
8820
8821
8821
8822
8823
8824
8825
8825
8826
8826
8827
8828
8830
8832
8833
8835
8836
8841
8843
8846
8847
8849
8852
8852
8855
8857
8859
8862
8862
8862
8862
8865
8866
8866
8866
8867
8867
8868
8868
8870
8870
8870
8872
8872
8873
8876
8878
8878
8880
8881
8883
8886
8889
8889
8890
8890
8892
8893
8893
8893
8894
8894
8895
8897
8898
8898
8899
8902
8904
8905
8906
8906
8908
8910
8911
8912
8916
8916
8916
8916
8917
8917
8917
8918
8920
8921
8921
8922
8923
8923
8924
8924
8925
8925
8927
8927
8929
8930
8932
8933
8936
8936
8937
8938
8938
8939
8940
8942
8942
8944
8944
8945
8945
8946
8948
8949
8950
8954
8957
8957
8958
8959
8960
8960
8963
8964
8964
8965
8966
8967
8968
8969
8969
8970
8970
8972
8974
8977
8978
8981
8984
8985
8986
8986
8989
8989
8989
8991
8991
8992
8992
8993
8993
8993
8994
8994
8997
8998
8998
9000
9000
9000
9001
9003
9005
9006
9006
9007
9007
9009
9010
9013
9013
9014
9015
9015
9015
9017
9022
9022
9023
9025
9031
9031
9032
9033
9034
9035
9036
9042
9043
9043
9045
9045
9046
9047
9048
9049
9050
9051
9051
9053
9054
9055
9056
9056
9057
9059
9060
9060
9061
9063
9063
9063
9065
9065
9065
9065
9066
9067
9067
9068
9069
9070
9070
9071
9074
9075
9076
9077
9077
9077
9077
9079
9079
9080
9082
9082
9082
9085
9087
9091
9093
9094
9095
9095
9095
9095
9097
9099
9102
9102
9103
9104
9106
9106
9107
9110
9113
9114
9114
9115
9117
9117
9118
9120
9120
9123
9124
9125
9125
9126
9127
9127
9128
9129
9129
9130
9130
9131
9131
9132
9132
9136
9136
9136
9136
9136
9137
9138
9138
9139
9140
9141
9141
9144
9145
9146
9146
9147
9149
9149
9149
9150
9151
9152
9154
9157
9157
9158
9160
9160
9161
9162
9164
9166
9166
9168
9172
9172
9174
9175
9176
9176
9177
9177
9178
9181
9182
9182
9183
9184
9186
9188
9188
9189
9191
9192
9192
9194
9197
9198
9198
9198
9200
9201
9201
9202
9203
9203
9204
9205
9207
9209
9210
9210
9213
9213
9214
9215
9216
9216
9217
9217
9218
9218
9219
9220
9221
9221
9223
9224
9225
9225
9227
9227
9228
9229
9230
9230
9230
9231
9232
9232
9232
9232
9233
9234
9235
9235
9236
9237
9238
9238
9238
9239
9240
9241
9241
9241
9241
9242
9242
9243
9244
9246
9246
9247
9247
9247
9248
9248
9249
9249
9250
9250
9250
9251
9251
9252
9254
9254
9256
9256
9257
9259
9259
9260
9261
9261
9262
9262
9262
9263
9266
9266
9267
9267
9269
9270
9270
9271
9271
9271
9272
9272
9276
9276
9277
9278
9279
9280
9283
9284
9285
9285
9285
9286
9287
9287
9289
9290
9290
9297
9297
9298
9299
9302
9303
9303
9304
9306
9309
9310
9310
9310
9310
9311
9312
9313
9315
9316
9319
9319
9319
9319
9319
9319
9320
9322
9323
9323
9324
9325
9328
9330
9331
9331
9336
9336
9337
9338
9340
9340
9342
9342
9343
9344
9344
9346
9346
9346
9351
9352
9352
9352
9353
9353
9355
9356
9357
9357
9357
9358
9358
9359
9359
9366
9366
9367
9369
9369
9370
9371
9371
9372
9373
9374
9374
9375
9375
9376
9378
9379
9381
9382
9382
9383
9385
9386
9386
9386
9387
9387
9387
9388
9388
9390
9391
9393
9394
9395
9397
9397
9398
9399
9399
9400
9400
9400
9402
9402
9402
9404
9404
9406
9406
9406
9408
9413
9413
9415
9416
9416
9419
9420
9420
9422
9424
9424
9424
9425
9426
9427
9427
9428
9429
9429
9430
9432
9432
9433
9433
9433
9433
9435
9435
9436
9436
9437
9438
9438
9438
9440
9440
9441
9442
9442
9443
9445
9448
9448
9451
9455
9456
9458
9459
9459
9459
9461
9461
9463
9464
9464
9465
9466
9466
9466
9466
9468
9468
9469
9470
9471
9474
9475
9475
9475
9475
9476
9478
9478
9478
9480
9480
9481
9481
9481
9482
9482
9483
9483
9484
9484
9486
9487
9488
9490
9491
9491
9493
9494
9494
9496
9496
9496
9497
9499
9499
9500
9500
9500
9501
9503
9504
9505
9506
9506
9506
9507
9507
9508
9508
9508
9509
9512
9514
9514
9516
9517
9518
9518
9520
9520
9521
9521
9522
9524
9524
9525
9526
9527
9528
9529
9535
9536
9536
9537
9538
9540
9541
9541
9542
9542
9542
9546
9549
9549
9549
9552
9554
9555
9555
9557
9557
9557
9559
9560
9561
9562
9562
9562
9563
9564
9564
9565
9568
9569
9569
9569
9571
9571
9571
9574
9575
9576
9576
9577
9578
9580
9580
9581
9581
9582
9583
9583
9585
9586
9586
9587
9587
9587
9587
9588
9589
9592
9592
9597
9597
9598
9600
9600
9601
9602
9603
9603
9604
9605
9606
9607
9608
9609
9611
9611
9612
9612
9613
9613
9614
9615
9616
9616
9617
9617
9617
9619
9619
9619
9620
9621
9621
9628
9629
9632
9632
9633
9638
9640
9641
9643
9645
9647
9648
9650
9651
9652
9652
9655
9655
9656
9656
9657
9657
9658
9658
9660
9660
9661
9661
9661
9663
9663
9665
9665
9666
9669
9669
9670
9670
9670
9670
9671
9671
9672
9672
9673
9673
9674
9676
9679
9680
9681
9682
9682
9682
9685
9686
9687
9691
9692
9692
9692
9692
9699
9699
9699
9701
9702
9705
9705
9706
9706
9707
9708
9708
9709
9710
9712
9713
9715
9716
9716
9718
9720
9722
9722
9722
9723
9725
9726
9729
9729
9731
9732
9732
9732
9733
9737
9738
9738
9739
9740
9743
9744
9744
9744
9745
9746
9747
9748
9748
9750
9752
9753
9755
9756
9758
9758
9758
9759
9760
9761
9761
9762
9762
9764
9765
9767
9768
9768
9769
9771
9771
9772
9773
9774
9774
9776
9777
9779
9780
9780
9781
9781
9781
9781
9782
9783
9783
9784
9784
9785
9786
9789
9789
9790
9790
9790
9790
9791
9796
9797
9798
9798
9798
9798
9798
9800
9804
9805
9806
9807
9808
9808
9809
9812
9813
9813
9814
9818
9819
9821
9822
9823
9825
9826
9827
9828
9830
9832
9833
9833
9838
9838
9838
9839
9839
9840
9840
9840
9841
9841
9842
9843
9844
9844
9845
9845
9845
9847
9847
9848
9848
9848
9849
9851
9851
9851
9852
9853
9853
9854
9854
9855
9856
9856
9858
9858
9858
9860
9861
9861
9863
9863
9864
9865
9865
9867
9867
9868
9868
9869
9869
9869
9870
9871
9871
9875
9879
9879
9882
9882
9883
9884
9884
9885
9887
9889
9889
9892
9894
9895
9896
9896
9898
9902
9902
9903
9904
9904
9907
9907
9909
9909
9909
9910
9911
9911
9912
9912
9913
9913
9916
9918
9922
9923
9925
9925
9925
9926
9926
9926
9931
9931
9932
9933
9933
9933
9936
9938
9939
9940
9941
9942
9942
9942
9943
9943
9945
9946
9947
9947
9948
9948
9949
9949
9950
9950
9954
9955
9956
9958
9958
9958
9959
9959
9960
9960
9960
9962
9964
9965
9968
9969
9970
9970
9971
9972
9972
9976
9976
9976
9978
9980
9982
9983
9984
9984
9985
9986
9987
9988
9989
9990
9992
9992
9993
9993
9993
9994
9996
9996
9998
9999
9999
9999
