9999
9999
9999
9998
9996
9996
9994
9993
9993
9993
9992
9992
9990
9989
9988
9987
9986
9985
9984
9984
9983
9982
9980
9978
9976
9976
9976
9972
9972
9971
9970
9970
9969
9968
9965
9964
9962
9960
9960
9960
9959
9959
9958
9958
9958
9956
9955
9954
9950
9950
9949
9949
9948
9948
9947
9947
9946
9945
9943
9943
9942
9942
9942
9941
9940
9939
9938
9936
9933
9933
9933
9932
9931
9931
9926
9926
9926
9925
9925
9925
9923
9922
9918
9916
9913
9913
9912
9912
9911
9911
9910
9909
9909
9909
9907
9907
9904
9904
9903
9902
9902
9898
9896
9896
9895
9894
9892
9889
9889
9887
9885
9884
9884
9883
9882
9882
9879
9879
9875
9871
9871
9870
9869
9869
9869
9868
9868
9867
9867
9865
9865
9864
9863
9863
9861
9861
9860
9858
9858
9858
9856
9856
9855
9854
9854
9853
9853
9852
9851
9851
9851
9849
9848
9848
9848
9847
9847
9845
9845
9845
9844
9844
9843
9842
9841
9841
9840
9840
9840
9839
9839
9838
9838
9838
9833
9833
9832
9830
9828
9827
9826
9825
9823
9822
9821
9819
9818
9814
9813
9813
9812
9809
9808
9808
9807
9806
9805
9804
9800
9798
9798
9798
9798
9798
9797
9796
9791
9790
9790
9790
9790
9789
9789
9786
9785
9784
9784
9783
9783
9782
9781
9781
9781
9781
9780
9780
9779
9777
9776
9774
9774
9773
9772
9771
9771
9769
9768
9768
9767
9765
9764
9762
9762
9761
9761
9760
9759
9758
9758
9758
9756
9755
9753
9752
9750
9748
9748
9747
9746
9745
9744
9744
9744
9743
9740
9739
9738
9738
9737
9733
9732
9732
9732
9731
9729
9729
9726
9725
9723
9722
9722
9722
9720
9718
9716
9716
9715
9713
9712
9710
9709
9708
9708
9707
9706
9706
9705
9705
9702
9701
9699
9699
9699
9692
9692
9692
9692
9691
9687
9686
9685
9682
9682
9682
9681
9680
9679
9676
9674
9673
9673
9672
9672
9671
9671
9670
9670
9670
9670
9669
9669
9666
9665
9665
9663
9663
9661
9661
9661
9660
9660
9658
9658
9657
9657
9656
9656
9655
9655
9652
9652
9651
9650
9648
9647
9645
9643
9641
9640
9638
9633
9632
9632
9629
9628
9621
9621
9620
9619
9619
9619
9617
9617
9617
9616
9616
9615
9614
9613
9613
9612
9612
9611
9611
9609
9608
9607
9606
9605
9604
9603
9603
9602
9601
9600
9600
9598
9597
9597
9592
9592
9589
9588
9587
9587
9587
9587
9586
9586
9585
9583
9583
9582
9581
9581
9580
9580
9578
9577
9576
9576
9575
9574
9571
9571
9571
9569
9569
9569
9568
9565
9564
9564
9563
9562
9562
9562
9561
9560
9559
9557
9557
9557
9555
9555
9554
9552
9549
9549
9549
9546
9542
9542
9542
9541
9541
9540
9538
9537
9536
9536
9535
9529
9528
9527
9526
9525
9524
9524
9522
9521
9521
9520
9520
9518
9518
9517
9516
9514
9514
9512
9509
9508
9508
9508
9507
9507
9506
9506
9506
9505
9504
9503
9501
9500
9500
9500
9499
9499
9497
9496
9496
9496
9494
9494
9493
9491
9491
9490
9488
9487
9486
9484
9484
9483
9483
9482
9482
9481
9481
9481
9480
9480
9478
9478
9478
9476
9475
9475
9475
9475
9474
9471
9470
9469
9468
9468
9466
9466
9466
9466
9465
9464
9464
9463
9461
9461
9459
9459
9459
9458
9456
9455
9451
9448
9448
9445
9443
9442
9442
9441
9440
9440
9438
9438
9438
9437
9436
9436
9435
9435
9433
9433
9433
9433
9432
9432
9430
9429
9429
9428
9427
9427
9426
9425
9424
9424
9424
9422
9420
9420
9419
9416
9416
9415
9413
9413
9408
9406
9406
9406
9404
9404
9402
9402
9402
9400
9400
9400
9399
9399
9398
9397
9397
9395
9394
9393
9391
9390
9388
9388
9387
9387
9387
9386
9386
9386
9385
9383
9382
9382
9381
9379
9378
9376
9375
9375
9374
9374
9373
9372
9371
9371
9370
9369
9369
9367
9366
9366
9359
9359
9358
9358
9357
9357
9357
9356
9355
9353
9353
9352
9352
9352
9351
9346
9346
9346
9344
9344
9343
9342
9342
9340
9340
9338
9337
9336
9336
9331
9331
9330
9328
9325
9324
9323
9323
9322
9320
9319
9319
9319
9319
9319
9319
9316
9315
9313
9312
9311
9310
9310
9310
9310
9309
9306
9304
9303
9303
9302
9299
9298
9297
9297
9290
9290
9289
9287
9287
9286
9285
9285
9285
9284
9283
9280
9279
9278
9277
9276
9276
9272
9272
9271
9271
9271
9270
9270
9269
9267
9267
9266
9266
9263
9262
9262
9262
9261
9261
9260
9259
9259
9257
9256
9256
9254
9254
9252
9251
9251
9250
9250
9250
9249
9249
9248
9248
9247
9247
9247
9246
9246
9244
9243
9242
9242
9241
9241
9241
9241
9240
9239
9238
9238
9238
9237
9236
9235
9235
9234
9233
9232
9232
9232
9232
9231
9230
9230
9230
9229
9228
9227
9227
9225
9225
9224
9223
9221
9221
9220
9219
9218
9218
9217
9217
9216
9216
9215
9214
9213
9213
9210
9210
9209
9207
9205
9204
9203
9203
9202
9201
9201
9200
9198
9198
9198
9197
9194
9192
9192
9191
9189
9188
9188
9186
9184
9183
9182
9182
9181
9178
9177
9177
9176
9176
9175
9174
9172
9172
9168
9166
9166
9164
9162
9161
9160
9160
9158
9157
9157
9154
9152
9151
9150
9149
9149
9149
9147
9146
9146
9145
9144
9141
9141
9140
9139
9138
9138
9137
9136
9136
9136
9136
9136
9132
9132
9131
9131
9130
9130
9129
9129
9128
9127
9127
9126
9125
9125
9124
9123
9120
9120
9118
9117
9117
9115
9114
9114
9113
9110
9107
9106
9106
9104
9103
9102
9102
9099
9097
9095
9095
9095
9095
9094
9093
9091
9087
9085
9082
9082
9082
9080
9079
9079
9077
9077
9077
9077
9076
9075
9074
9071
9070
9070
9069
9068
9067
9067
9066
9065
9065
9065
9065
9063
9063
9063
9061
9060
9060
9059
9057
9056
9056
9055
9054
9053
9051
9051
9050
9049
9048
9047
9046
9045
9045
9043
9043
9042
9036
9035
9034
9033
9032
9031
9031
9025
9023
9022
9022
9017
9015
9015
9015
9014
9013
9013
9010
9009
9007
9007
9006
9006
9005
9003
9001
9000
9000
9000
8998
8998
8997
8994
8994
8993
8993
8993
8992
8992
8991
8991
8989
8989
8989
8986
8986
8985
8984
8981
8978
8977
8974
8972
8970
8970
8969
8969
8968
8967
8966
8965
8964
8964
8963
8960
8960
8959
8958
8957
8957
8954
8950
8949
8948
8946
8945
8945
8944
8944
8942
8942
8940
8939
8938
8938
8937
8936
8936
8933
8932
8930
8929
8927
8927
8925
8925
8924
8924
8923
8923
8922
8921
8921
8920
8918
8917
8917
8917
8916
8916
8916
8916
8912
8911
8910
8908
8906
8906
8905
8904
8902
8899
8898
8898
8897
8895
8894
8894
8893
8893
8893
8892
8890
8890
8889
8889
8886
8883
8881
8880
8878
8878
8876
8873
8872
8872
8870
8870
8870
8868
8868
8867
8867
8866
8866
8866
8865
8862
8862
8862
8862
8859
8857
8855
8852
8852
8849
8847
8846
8843
8841
8836
8835
8833
8832
8830
8828
8827
8826
8826
8825
8825
8824
8823
8822
8821
8821
8820
8818
8818
8818
8816
8815
8815
8814
8811
8809
8808
8808
8808
8806
8806
8804
8803
8802
8802
8801
8801
8800
8800
8799
8799
8798
8796
8794
8794
8791
8789
8788
8787
8787
8786
8786
8786
8785
8782
8782
8782
8780
8779
8778
8775
8774
8774
8773
8771
8771
8770
8769
8768
8768
8768
8767
8765
8765
8764
8762
8762
8762
8760
8758
8757
8757
8757
8756
8755
8754
8754
8752
8751
8751
8749
8749
8747
8746
8745
8745
8745
8745
8744
8744
8743
8743
8741
8740
8740
8738
8738
8738
8736
8735
8735
8734
8733
8733
8733
8733
8733
8732
8730
8730
8729
8729
8728
8728
8727
8725
8725
8724
8724
8724
8723
8723
8722
8721
8720
8718
8718
8717
8716
8713
8712
8711
8711
8710
8710
8709
8708
8705
8703
8703
8702
8702
8702
8701
8700
8700
8699
8699
8699
8698
8698
8697
8696
8695
8692
8692
8690
8690
8689
8689
8688
8688
8687
8685
8684
8684
8683
8683
8682
8682
8682
8681
8680
8680
8680
8679
8678
8677
8676
8675
8673
8673
8671
8671
8668
8667
8667
8666
8665
8664
8663
8662
8661
8660
8659
8659
8659
8659
8657
8657
8656
8654
8653
8653
8651
8651
8651
8651
8650
8650
8649
8647
8645
8645
8645
8645
8644
8643
8642
8642
8642
8641
8640
8638
8637
8636
8634
8633
8633
8633
8630
8628
8628
8628
8626
8626
8625
8624
8624
8623
8623
8623
8623
8622
8621
8618
8618
8616
8616
8616
8615
8615
8613
8613
8613
8611
8607
8604
8604
8604
8603
8603
8603
8602
8601
8601
8600
8600
8597
8596
8595
8594
8594
8592
8592
8590
8590
8589
8587
8586
8586
8583
8580
8579
8578
8575
8573
8571
8570
8570
8570
8563
8562
8557
8557
8557
8556
8556
8555
8555
8555
8554
8554
8554
8553
8550
8549
8548
8547
8547
8547
8546
8545
8545
8543
8542
8540
8540
8540
8538
8538
8534
8534
8531
8531
8531
8530
8530
8530
8529
8524
8523
8518
8517
8517
8516
8516
8513
8512
8512
8512
8510
8509
8509
8509
8509
8509
8507
8507
8505
8505
8504
8504
8504
8502
8501
8498
8497
8496
8495
8495
8494
8493
8491
8490
8489
8489
8488
8487
8487
8487
8486
8485
8484
8484
8484
8484
8483
8482
8482
8481
8481
8479
8477
8475
8474
8472
8471
8468
8468
8468
8467
8466
8462
8462
8454
8454
8453
8453
8450
8449
8449
8448
8448
8446
8446
8446
8445
8445
8445
8441
8440
8440
8438
8435
8434
8430
8430
8430
8430
8430
8428
8427
8426
8426
8425
8425
8425
8424
8423
8422
8421
8420
8420
8419
8419
8415
8415
8412
8412
8410
8407
8406
8406
8405
8405
8403
8403
8402
8402
8402
8402
8400
8399
8397
8397
8396
8394
8394
8393
8391
8389
8389
8386
8385
8385
8385
8384
8383
8381
8381
8379
8379
8379
8378
8378
8377
8374
8373
8373
8372
8372
8372
8372
8372
8371
8371
8370
8369
8369
8368
8368
8368
8366
8365
8363
8362
8362
8362
8362
8361
8360
8359
8359
8359
8358
8356
8355
8354
8353
8352
8352
8351
8350
8349
8348
8348
8347
8346
8345
8343
8342
8341
8341
8340
8340
8338
8337
8337
8334
8334
8333
8330
8326
8325
8324
8323
8323
8322
8322
8320
8320
8320
8319
8319
8316
8314
8314
8313
8312
8311
8308
8307
8306
8305
8305
8305
8304
8302
8301
8301
8299
8299
8295
8295
8293
8292
8292
8292
8287
8286
8285
8285
8285
8284
8282
8281
8277
8277
8276
8276
8276
8276
8275
8274
8274
8274
8273
8272
8271
8271
8271
8270
8269
8268
8265
8265
8264
8264
8264
8263
8259
8259
8258
8258
8256
8255
8254
8254
8254
8252
8252
8251
8251
8250
8250
8249
8247
8246
8246
8245
8244
8244
8244
8243
8243
8242
8241
8239
8239
8238
8238
8238
8238
8236
8236
8234
8231
8230
8230
8228
8227
8227
8224
8223
8223
8222
8221
8221
8219
8219
8217
8216
8215
8213
8212
8207
8207
8206
8203
8201
8201
8201
8201
8199
8196
8196
8195
8195
8194
8191
8190
8188
8188
8188
8188
8187
8186
8186
8185
8185
8184
8184
8183
8182
8180
8179
8179
8178
8177
8177
8177
8175
8170
8165
8165
8165
8164
8162
8162
8161
8161
8161
8161
8160
8160
8159
8159
8157
8157
8156
8156
8156
8156
8155
8154
8153
8152
8152
8149
8148
8144
8143
8142
8139
8137
8137
8137
8132
8131
8129
8129
8127
8126
8125
8123
8123
8123
8121
8118
8118
8116
8114
8113
8112
8112
8111
8111
8110
8110
8109
8109
8108
8108
8106
8105
8105
8104
8103
8102
8101
8101
8100
8099
8098
8093
8093
8092
8092
8091
8091
8091
8091
8090
8088
8087
8085
8085
8084
8083
8083
8083
8082
8081
8081
8080
8079
8078
8077
8077
8076
8076
8075
8074
8073
8073
8072
8071
8071
8070
8070
8068
8067
8067
8065
8065
8064
8064
8062
8060
8060
8059
8058
8058
8057
8056
8055
8054
8053
8050
8050
8050
8047
8045
8045
8045
8044
8042
8042
8041
8038
8038
8036
8036
8036
8036
8035
8034
8034
8033
8031
8031
8030
8028
8028
8027
8027
8025
8025
8023
8023
8021
8021
8021
8018
8018
8017
8017
8015
8014
8013
8012
8012
8012
8011
8011
8009
8006
8005
8004
8004
8001
8000
7997
7996
7995
7995
7994
7994
7993
7993
7992
7992
7991
7991
7990
7989
7989
7987
7987
7986
7985
7984
7984
7984
7983
7983
7982
7982
7981
7981
7981
7981
7980
7980
7979
7979
7978
7978
7976
7976
7976
7972
7968
7968
7967
7967
7965
7964
7963
7963
7962
7961
7957
7957
7955
7955
7955
7955
7954
7952
7952
7951
7951
7950
7949
7946
7946
7945
7943
7943
7943
7943
7942
7941
7941
7940
7940
7940
7939
7939
7938
7938
7938
7937
7936
7935
7934
7934
7933
7932
7932
7932
7931
7931
7929
7928
7927
7925
7925
7924
7920
7919
7916
7916
7915
7913
7913
7911
7910
7907
7906
7904
7904
7904
7902
7900
7900
7900
7899
7898
7898
7897
7897
7897
7896
7896
7894
7893
7892
7892
7891
7890
7889
7889
7887
7885
7885
7885
7884
7884
7884
7882
7882
7881
7881
7880
7878
7877
7876
7875
7875
7874
7874
7873
7873
7873
7872
7872
7870
7870
7869
7869
7869
7868
7868
7868
7867
7866
7865
7864
7862
7857
7857
7856
7854
7851
7850
7850
7849
7849
7848
7847
7847
7847
7845
7845
7844
7843
7842
7842
7841
7841
7840
7840
7838
7838
7838
7837
7836
7835
7834
7834
7834
7834
7834
7831
7831
7831
7830
7830
7830
7829
7829
7824
7823
7823
7822
7821
7820
7820
7819
7819
7814
7814
7813
7812
7811
7810
7810
7807
7806
7806
7805
7805
7802
7802
7801
7801
7800
7799
7799
7799
7798
7798
7797
7795
7795
7795
7795
7794
7794
7794
7793
7792
7791
7791
7790
7788
7787
7786
7786
7785
7784
7784
7784
7783
7783
7783
7783
7780
7778
7777
7776
7776
7775
7775
7775
7774
7772
7771
7770
7770
7769
7767
7763
7762
7761
7760
7760
7758
7758
7758
7757
7755
7754
7754
7754
7752
7747
7744
7744
7743
7740
7740
7737
7737
7737
7737
7736
7735
7735
7734
7733
7732
7732
7732
7731
7730
7728
7727
7727
7720
7717
7716
7715
7715
7714
7711
7710
7709
7709
7707
7706
7705
7703
7703
7698
7698
7698
7694
7693
7693
7692
7692
7691
7690
7689
7688
7688
7687
7686
7686
7686
7685
7684
7684
7683
7683
7683
7683
7682
7681
7681
7681
7678
7678
7677
7677
7677
7677
7674
7674
7674
7673
7672
7671
7671
7669
7668
7665
7663
7663
7662
7661
7661
7659
7659
7658
7657
7656
7656
7654
7654
7651
7651
7650
7649
7648
7647
7647
7643
7643
7643
7642
7640
7639
7639
7639
7639
7638
7638
7637
7637
7635
7635
7628
7626
7624
7624
7623
7622
7622
7622
7621
7621
7620
7620
7618
7616
7614
7611
7609
7609
7608
7607
7605
7603
7603
7602
7601
7601
7600
7599
7599
7598
7596
7596
7595
7594
7593
7592
7592
7591
7590
7590
7590
7590
7589
7589
7588
7588
7585
7585
7584
7583
7582
7580
7576
7574
7570
7568
7566
7566
7566
7564
7564
7563
7562
7561
7560
7557
7556
7556
7556
7554
7553
7552
7549
7549
7548
7548
7547
7546
7544
7543
7541
7539
7538
7535
7534
7534
7532
7531
7530
7530
7529
7528
7527
7526
7526
7526
7526
7523
7523
7523
7520
7520
7516
7515
7515
7514
7514
7514
7513
7512
7509
7509
7508
7508
7508
7505
7503
7503
7503
7502
7499
7498
7497
7497
7496
7494
7492
7492
7490
7490
7490
7490
7490
7490
7489
7489
7489
7488
7487
7486
7485
7484
7483
7483
7481
7480
7479
7477
7477
7477
7476
7475
7474
7474
7473
7472
7471
7471
7469
7468
7466
7465
7465
7464
7464
7463
7462
7462
7458
7458
7456
7454
7452
7451
7451
7450
7450
7448
7447
7446
7442
7442
7441
7441
7440
7439
7438
7436
7435
7435
7434
7433
7432
7430
7430
7430
7428
7426
7426
7426
7426
7423
7421
7420
7420
7419
7419
7418
7417
7416
7413
7412
7411
7410
7410
7410
7409
7407
7406
7402
7400
7399
7399
7393
7393
7392
7392
7390
7390
7389
7387
7387
7386
7385
7384
7379
7378
7378
7378
7377
7376
7376
7375
7375
7375
7374
7374
7373
7372
7370
7369
7368
7368
7367
7367
7364
7362
7361
7360
7357
7354
7352
7351
7346
7346
7344
7343
7343
7342
7341
7339
7339
7337
7337
7337
7334
7333
7332
7329
7327
7325
7325
7323
7319
7319
7317
7316
7312
7312
7310
7310
7309
7309
7308
7306
7305
7304
7304
7303
7303
7301
7301
7300
7300
7299
7299
7297
7290
7290
7289
7289
7288
7288
7285
7282
7279
7279
7279
7273
7271
7271
7270
7270
7268
7267
7267
7267
7267
7266
7265
7264
7261
7260
7260
7259
7258
7257
7256
7254
7251
7250
7250
7249
7249
7249
7249
7248
7246
7246
7245
7245
7244
7244
7243
7243
7241
7238
7237
7232
7232
7232
7227
7221
7221
7220
7219
7219
7218
7218
7215
7214
7212
7211
7211
7211
7210
7208
7208
7206
7206
7204
7203
7203
7201
7199
7199
7199
7198
7198
7196
7196
7196
7195
7194
7193
7190
7190
7188
7188
7187
7187
7186
7185
7184
7184
7183
7179
7179
7178
7178
7177
7177
7177
7176
7176
7172
7172
7170
7169
7167
7166
7164
7163
7163
7163
7159
7159
7159
7159
7158
7156
7155
7153
7153
7152
7152
7152
7151
7150
7150
7149
7149
7148
7148
7147
7147
7147
7145
7144
7144
7144
7144
7143
7143
7141
7140
7137
7137
7135
7135
7135
7132
7132
7131
7131
7129
7128
7128
7127
7127
7125
7125
7123
7120
7120
7119
7118
7118
7116
7114
7114
7113
7113
7108
7106
7106
7106
7106
7105
7104
7101
7097
7097
7095
7094
7094
7093
7092
7092
7092
7091
7091
7091
7089
7088
7087
7087
7086
7085
7084
7084
7084
7084
7083
7083
7079
7077
7077
7076
7076
7075
7075
7075
7073
7072
7072
7072
7071
7069
7066
7065
7065
7064
7064
7063
7062
7060
7055
7052
7050
7050
7050
7049
7047
7046
7045
7045
7044
7044
7044
7043
7043
7042
7042
7037
7035
7035
7034
7034
7033
7032
7031
7027
7026
7026
7025
7025
7024
7024
7023
7023
7022
7021
7020
7017
7016
7015
7015
7015
7014
7013
7011
7011
7011
7009
7008
7003
6998
6998
6996
6996
6995
6995
6994
6992
6992
6992
6989
6988
6987
6987
6986
6986
6985
6985
6984
6983
6981
6981
6981
6980
6980
6977
6976
6976
6975
6974
6974
6972
6972
6970
6969
6968
6967
6967
6967
6967
6965
6963
6962
6962
6962
6961
6960
6959
6955
6954
6954
6953
6953
6948
6947
6946
6946
6945
6944
6944
6944
6942
6941
6939
6938
6937
6936
6936
6936
6935
6935
6933
6933
6929
6928
6927
6925
6924
6923
6923
6922
6921
6920
6920
6919
6919
6915
6914
6912
6911
6911
6908
6908
6907
6907
6907
6906
6906
6905
6904
6904
6902
6902
6900
6900
6898
6897
6897
6896
6895
6894
6894
6894
6893
6893
6892
6891
6890
6890
6889
6887
6887
6886
6884
6882
6882
6879
6878
6877
6877
6876
6874
6874
6873
6872
6870
6870
6869
6869
6868
6868
6868
6867
6865
6865
6865
6865
6865
6863
6863
6862
6862
6862
6861
6861
6859
6858
6856
6855
6855
6854
6854
6851
6851
6850
6849
6848
6848
6847
6843
6841
6841
6841
6839
6839
6838
6838
6838
6837
6834
6832
6832
6831
6830
6827
6826
6822
6822
6822
6820
6818
6815
6812
6812
6810
6806
6805
6805
6804
6803
6803
6803
6801
6801
6801
6800
6800
6797
6796
6796
6796
6795
6795
6794
6793
6793
6792
6792
6791
6789
6788
6788
6787
6785
6782
6780
6779
6778
6778
6778
6777
6777
6775
6775
6775
6773
6772
6771
6771
6771
6770
6770
6768
6767
6766
6765
6764
6764
6764
6762
6759
6758
6758
6758
6757
6756
6755
6755
6754
6753
6753
6752
6751
6750
6749
6748
6748
6747
6747
6746
6744
6744
6743
6743
6743
6740
6739
6738
6736
6736
6736
6735
6735
6734
6731
6729
6729
6729
6727
6727
6727
6726
6725
6724
6724
6721
6720
6720
6718
6717
6717
6717
6716
6715
6715
6715
6714
6713
6713
6713
6712
6712
6712
6711
6711
6711
6709
6707
6707
6706
6705
6705
6703
6703
6702
6702
6702
6701
6701
6700
6700
6699
6699
6697
6696
6696
6695
6695
6695
6694
6692
6691
6690
6688
6686
6685
6684
6682
6682
6682
6681
6680
6679
6678
6675
6673
6672
6671
6671
6671
6668
6665
6665
6665
6664
6662
6661
6661
6661
6661
6659
6659
6657
6656
6655
6654
6654
6652
6651
6650
6645
6644
6644
6643
6642
6642
6641
6641
6640
6640
6640
6640
6639
6638
6637
6636
6635
6633
6633
6633
6632
6632
6631
6624
6621
6621
6621
6621
6620
6620
6616
6614
6611
6609
6608
6607
6607
6606
6605
6604
6603
6603
6602
6601
6600
6600
6596
6596
6595
6595
6594
6593
6592
6592
6591
6590
6589
6589
6589
6588
6585
6585
6583
6580
6577
6576
6575
6574
6573
6573
6572
6569
6569
6567
6567
6566
6566
6566
6565
6565
6564
6564
6563
6560
6560
6559
6558
6558
6557
6556
6555
6555
6553
6552
6551
6547
6546
6544
6542
6542
6542
6542
6540
6539
6538
6538
6537
6534
6534
6534
6533
6529
6529
6527
6526
6523
6519
6517
6517
6517
6516
6514
6513
6513
6512
6512
6511
6509
6508
6508
6508
6506
6506
6505
6505
6505
6505
6504
6502
6502
6501
6499
6498
6494
6493
6493
6490
6488
6487
6486
6486
6486
6486
6485
6485
6484
6484
6479
6479
6478
6478
6477
6477
6477
6476
6476
6475
6471
6471
6470
6469
6468
6468
6466
6465
6464
6464
6463
6462
6462
6461
6460
6460
6459
6459
6458
6458
6456
6455
6452
6451
6451
6448
6447
6444
6443
6442
6442
6440
6440
6439
6439
6439
6437
6436
6435
6435
6434
6433
6432
6431
6430
6430
6428
6428
6425
6425
6424
6423
6421
6421
6419
6418
6416
6416
6415
6414
6414
6413
6413
6413
6412
6411
6410
6409
6405
6403
6400
6399
6399
6398
6397
6397
6393
6393
6392
6392
6391
6391
6390
6390
6390
6389
6387
6386
6385
6382
6382
6380
6379
6377
6377
6376
6374
6374
6374
6373
6373
6372
6372
6371
6368
6368
6368
6367
6366
6365
6365
6363
6361
6361
6359
6358
6358
6357
6355
6355
6355
6354
6352
6350
6349
6349
6347
6347
6346
6345
6345
6344
6343
6342
6341
6340
6340
6338
6338
6338
6338
6338
6336
6335
6334
6333
6333
6333
6332
6331
6329
6328
6326
6326
6325
6325
6324
6323
6323
6316
6314
6313
6313
6313
6313
6309
6309
6307
6304
6304
6302
6302
6302
6302
6301
6299
6299
6298
6298
6296
6296
6294
6293
6293
6291
6290
6290
6290
6287
6286
6285
6284
6284
6284
6283
6281
6280
6280
6280
6278
6278
6275
6275
6275
6274
6272
6270
6270
6269
6268
6268
6267
6267
6266
6264
6263
6262
6262
6262
6261
6259
6258
6257
6256
6256
6255
6252
6251
6250
6250
6250
6249
6246
6245
6244
6243
6243
6242
6242
6240
6239
6239
6239
6236
6236
6235
6233
6232
6232
6232
6232
6229
6228
6227
6221
6220
6219
6219
6217
6217
6217
6216
6216
6215
6215
6214
6212
6211
6211
6209
6209
6208
6207
6206
6205
6204
6204
6203
6201
6201
6201
6198
6198
6198
6198
6197
6196
6193
6191
6191
6187
6186
6185
6185
6184
6184
6183
6181
6180
6180
6180
6179
6177
6177
6177
6177
6175
6175
6174
6172
6171
6171
6171
6170
6170
6169
6167
6166
6163
6163
6162
6162
6161
6161
6160
6160
6159
6158
6157
6154
6153
6151
6151
6150
6150
6148
6147
6146
6145
6144
6143
6139
6134
6134
6134
6134
6131
6131
6128
6127
6127
6127
6126
6126
6126
6125
6125
6124
6123
6122
6122
6121
6119
6119
6119
6119
6118
6118
6114
6113
6113
6108
6108
6102
6099
6098
6098
6096
6095
6094
6094
6092
6091
6090
6087
6087
6086
6086
6086
6085
6084
6082
6080
6080
6078
6078
6078
6076
6076
6074
6073
6073
6069
6068
6068
6067
6066
6065
6064
6064
6063
6063
6062
6062
6061
6060
6057
6057
6057
6057
6057
6056
6056
6055
6055
6055
6054
6054
6053
6053
6052
6051
6050
6049
6049
6047
6046
6045
6045
6043
6043
6041
6041
6040
6040
6038
6034
6033
6031
6031
6031
6030
6030
6030
6029
6029
6029
6028
6028
6028
6028
6027
6026
6026
6025
6024
6024
6023
6022
6022
6019
6017
6015
6013
6009
6009
6008
6008
6008
6007
6007
6006
6005
6003
6002
6002
6000
5999
5999
5999
5998
5998
5996
5995
5994
5993
5993
5992
5992
5992
5987
5987
5987
5983
5983
5981
5977
5976
5975
5973
5972
5972
5970
5970
5969
5968
5967
5966
5965
5963
5962
5960
5959
5958
5957
5956
5953
5952
5951
5947
5945
5944
5944
5944
5943
5941
5940
5939
5939
5938
5937
5935
5934
5933
5931
5930
5928
5927
5926
5925
5924
5922
5921
5921
5920
5920
5917
5916
5913
5911
5910
5910
5909
5907
5907
5906
5905
5903
5903
5902
5901
5899
5898
5897
5894
5892
5889
5888
5886
5885
5884
5883
5883
5882
5881
5881
5880
5880
5879
5879
5878
5877
5876
5876
5874
5874
5874
5873
5872
5870
5870
5866
5866
5864
5862
5860
5860
5860
5858
5857
5856
5855
5854
5853
5852
5852
5850
5848
5847
5844
5844
5844
5840
5838
5838
5837
5836
5835
5834
5832
5832
5832
5830
5830
5829
5829
5825
5823
5822
5822
5820
5819
5819
5819
5819
5818
5818
5817
5814
5814
5812
5811
5810
5810
5809
5808
5805
5803
5802
5801
5801
5800
5798
5797
5796
5795
5795
5795
5793
5793
5792
5791
5790
5789
5787
5786
5786
5786
5785
5785
5784
5781
5780
5778
5777
5777
5774
5773
5772
5769
5768
5767
5767
5766
5765
5764
5763
5763
5762
5762
5761
5761
5758
5757
5755
5754
5754
5753
5752
5751
5750
5750
5749
5747
5747
5746
5746
5746
5746
5741
5741
5738
5738
5735
5734
5734
5734
5733
5728
5726
5726
5725
5725
5724
5723
5723
5722
5721
5720
5719
5719
5718
5718
5717
5714
5714
5714
5713
5711
5711
5710
5709
5709
5707
5703
5702
5702
5699
5698
5695
5695
5694
5692
5691
5691
5691
5690
5689
5687
5687
5684
5684
5682
5681
5680
5680
5679
5679
5677
5676
5673
5672
5671
5671
5671
5669
5669
5668
5667
5667
5666
5665
5665
5662
5661
5660
5660
5660
5658
5658
5658
5657
5657
5655
5653
5652
5651
5650
5650
5649
5648
5648
5648
5648
5647
5644
5643
5643
5639
5638
5638
5638
5636
5635
5634
5632
5632
5631
5629
5628
5628
5626
5625
5624
5624
5623
5622
5621
5618
5616
5616
5614
5614
5612
5612
5611
5610
5610
5609
5608
5608
5607
5607
5607
5607
5605
5605
5605
5604
5603
5603
5601
5601
5600
5599
5598
5598
5596
5593
5592
5591
5591
5591
5590
5590
5588
5586
5584
5583
5583
5583
5583
5582
5581
5581
5580
5580
5579
5579
5577
5577
5577
5576
5576
5575
5573
5572
5571
5568
5567
5567
5561
5559
5555
5555
5554
5554
5552
5551
5551
5551
5550
5549
5549
5549
5549
5547
5546
5546
5545
5545
5543
5542
5541
5541
5540
5540
5540
5538
5537
5537
5537
5537
5536
5536
5536
5535
5535
5534
5534
5534
5534
5532
5530
5528
5526
5526
5525
5524
5523
5523
5523
5521
5521
5518
5518
5518
5518
5518
5517
5517
5516
5516
5515
5513
5513
5513
5512
5508
5507
5502
5501
5501
5501
5499
5497
5496
5496
5493
5493
5493
5492
5492
5490
5489
5488
5487
5486
5485
5484
5484
5483
5482
5481
5480
5480
5479
5478
5478
5477
5477
5477
5476
5473
5473
5472
5470
5470
5470
5469
5469
5468
5468
5467
5465
5464
5464
5464
5463
5462
5461
5461
5461
5460
5459
5458
5457
5456
5455
5455
5453
5452
5450
5450
5449
5448
5448
5447
5446
5446
5445
5445
5445
5444
5443
5442
5442
5441
5441
5440
5440
5440
5439
5437
5436
5435
5435
5434
5433
5432
5431
5431
5430
5428
5426
5426
5423
5420
5420
5420
5418
5418
5415
5414
5412
5412
5411
5407
5407
5406
5406
5405
5405
5404
5404
5403
5403
5401
5400
5399
5398
5397
5396
5396
5396
5396
5395
5395
5394
5393
5393
5393
5392
5391
5391
5389
5386
5385
5385
5385
5381
5381
5380
5377
5376
5373
5373
5372
5372
5368
5368
5365
5365
5363
5360
5357
5356
5354
5353
5352
5351
5350
5349
5349
5347
5346
5346
5344
5341
5340
5339
5339
5338
5336
5336
5335
5334
5333
5332
5332
5330
5329
5329
5327
5327
5326
5326
5325
5325
5324
5324
5322
5321
5321
5319
5319
5319
5318
5318
5318
5318
5318
5317
5316
5312
5311
5307
5307
5306
5305
5305
5304
5303
5303
5301
5300
5300
5300
5295
5294
5294
5290
5289
5289
5288
5288
5284
5284
5283
5282
5282
5281
5279
5278
5277
5277
5277
5276
5276
5275
5272
5271
5270
5268
5265
5262
5258
5257
5257
5256
5255
5254
5254
5253
5253
5252
5251
5251
5251
5250
5247
5246
5245
5245
5244
5244
5243
5241
5241
5238
5237
5236
5235
5234
5233
5233
5229
5228
5227
5227
5227
5226
5226
5224
5224
5223
5220
5218
5217
5217
5217
5216
5216
5215
5215
5212
5211
5210
5210
5206
5203
5203
5203
5202
5202
5197
5196
5196
5194
5194
5193
5193
5191
5190
5190
5189
5188
5187
5186
5186
5185
5184
5182
5181
5181
5178
5177
5176
5176
5175
5175
5175
5175
5173
5172
5170
5169
5169
5168
5167
5167
5162
5162
5160
5154
5154
5152
5151
5150
5148
5147
5146
5146
5144
5143
5141
5140
5135
5134
5132
5131
5130
5130
5130
5129
5128
5126
5124
5123
5123
5123
5120
5119
5118
5114
5114
5111
5109
5109
5108
5105
5104
5102
5098
5098
5098
5098
5097
5096
5096
5096
5095
5095
5095
5094
5093
5091
5091
5090
5089
5087
5086
5086
5086
5083
5083
5082
5082
5080
5080
5078
5078
5077
5077
5073
5072
5069
5068
5067
5067
5066
5065
5063
5063
5063
5063
5060
5059
5059
5059
5057
5057
5055
5054
5053
5053
5052
5052
5052
5051
5048
5047
5047
5046
5046
5045
5044
5044
5042
5041
5038
5036
5035
5035
5035
5033
5033
5030
5030
5030
5030
5029
5028
5028
5026
5026
5025
5022
5022
5021
5020
5019
5016
5015
5011
5010
5009
5008
5007
5006
5004
5004
5001
5000
4999
4998
4997
4996
4996
4993
4993
4993
4993
4991
4991
4990
4989
4989
4989
4989
4988
4987
4987
4986
4985
4985
4985
4983
4982
4981
4981
4981
4978
4977
4977
4976
4974
4974
4974
4973
4973
4973
4970
4970
4968
4968
4967
4967
4966
4966
4966
4964
4963
4963
4962
4960
4960
4956
4955
4955
4955
4953
4952
4951
4951
4949
4949
4949
4948
4948
4948
4948
4947
4946
4946
4944
4943
4942
4942
4942
4940
4939
4938
4937
4936
4935
4934
4934
4932
4930
4930
4929
4929
4929
4928
4928
4927
4926
4921
4921
4920
4919
4919
4918
4918
4917
4916
4915
4915
4914
4909
4909
4909
4906
4905
4904
4902
4902
4902
4901
4901
4899
4899
4898
4898
4898
4898
4898
4897
4897
4896
4890
4889
4889
4888
4888
4885
4885
4882
4881
4881
4881
4878
4877
4877
4874
4873
4872
4872
4872
4871
4870
4867
4866
4866
4865
4865
4864
4863
4861
4861
4859
4858
4858
4858
4857
4856
4856
4854
4853
4853
4848
4847
4846
4845
4845
4845
4845
4843
4843
4840
4839
4838
4837
4834
4834
4833
4831
4830
4828
4828
4826
4826
4825
4825
4824
4824
4824
4823
4822
4822
4821
4821
4821
4818
4818
4816
4815
4815
4815
4815
4813
4811
4810
4808
4808
4807
4807
4807
4805
4804
4804
4803
4801
4801
4801
4800
4797
4796
4795
4795
4795
4794
4794
4793
4793
4789
4789
4788
4788
4787
4786
4786
4786
4784
4784
4783
4783
4780
4780
4780
4779
4778
4776
4772
4770
4769
4768
4768
4768
4767
4766
4764
4764
4764
4763
4762
4762
4762
4762
4761
4760
4758
4758
4757
4756
4756
4755
4752
4752
4751
4748
4746
4745
4744
4744
4744
4743
4741
4741
4741
4740
4739
4739
4738
4738
4738
4736
4734
4733
4732
4732
4731
4730
4728
4728
4725
4723
4723
4721
4719
4719
4719
4718
4717
4716
4715
4715
4714
4714
4712
4712
4710
4710
4709
4709
4709
4709
4707
4704
4704
4703
4703
4702
4698
4695
4693
4692
4692
4685
4685
4684
4684
4683
4682
4682
4681
4680
4679
4678
4676
4676
4675
4675
4674
4673
4671
4669
4669
4668
4667
4666
4666
4665
4665
4664
4663
4660
4657
4657
4655
4655
4652
4652
4652
4651
4650
4649
4649
4649
4649
4647
4647
4646
4645
4643
4643
4641
4641
4641
4641
4640
4640
4639
4639
4638
4638
4637
4636
4636
4636
4636
4635
4635
4633
4632
4632
4631
4630
4630
4629
4628
4626
4625
4623
4622
4621
4620
4619
4618
4616
4614
4614
4612
4609
4609
4609
4608
4607
4606
4605
4603
4603
4602
4602
4600
4600
4599
4598
4597
4597
4596
4595
4592
4590
4589
4588
4584
4583
4581
4580
4580
4580
4580
4580
4578
4578
4577
4574
4574
4573
4573
4572
4571
4571
4570
4569
4565
4563
4563
4561
4559
4558
4558
4554
4554
4552
4548
4548
4547
4545
4544
4544
4542
4542
4539
4538
4537
4536
4534
4531
4531
4530
4529
4528
4527
4527
4524
4523
4523
4521
4519
4516
4515
4515
4512
4511
4510
4510
4509
4507
4506
4505
4505
4502
4501
4499
4499
4499
4498
4497
4495
4494
4494
4493
4491
4491
4491
4491
4491
4490
4490
4488
4488
4486
4485
4485
4482
4482
4481
4481
4481
4480
4479
4478
4478
4476
4474
4474
4473
4471
4469
4466
4465
4465
4464
4463
4462
4462
4461
4461
4461
4461
4460
4459
4458
4457
4457
4456
4455
4455
4453
4453
4452
4448
4448
4446
4445
4444
4444
4443
4441
4440
4439
4436
4436
4435
4433
4430
4430
4429
4426
4425
4424
4424
4423
4423
4422
4421
4421
4420
4418
4418
4416
4416
4414
4412
4412
4412
4412
4412
4411
4409
4409
4409
4408
4408
4408
4407
4405
4403
4402
4400
4400
4398
4398
4398
4397
4396
4396
4395
4395
4394
4394
4394
4392
4391
4391
4390
4388
4388
4384
4381
4381
4381
4380
4374
4374
4374
4373
4372
4371
4369
4369
4367
4366
4366
4365
4363
4363
4362
4361
4361
4360
4360
4360
4360
4359
4359
4358
4357
4357
4356
4356
4353
4352
4350
4350
4348
4348
4347
4346
4344
4342
4341
4341
4339
4339
4330
4329
4329
4328
4327
4324
4324
4324
4323
4323
4322
4322
4322
4320
4319
4317
4317
4316
4316
4316
4316
4316
4315
4315
4314
4313
4313
4313
4312
4310
4310
4309
4309
4307
4307
4307
4305
4304
4303
4303
4301
4300
4299
4298
4298
4296
4296
4290
4289
4286
4285
4285
4283
4283
4282
4280
4278
4276
4276
4275
4274
4273
4273
4271
4268
4267
4266
4266
4265
4265
4262
4261
4260
4257
4257
4257
4256
4255
4255
4253
4252
4252
4252
4250
4249
4249
4245
4245
4244
4242
4242
4239
4239
4238
4238
4237
4237
4236
4235
4235
4233
4233
4232
4231
4230
4230
4229
4227
4226
4225
4224
4223
4223
4222
4222
4220
4219
4218
4217
4216
4208
4207
4207
4207
4206
4204
4204
4202
4201
4199
4198
4198
4198
4196
4196
4192
4190
4188
4187
4187
4186
4186
4183
4182
4181
4180
4179
4179
4179
4179
4177
4177
4177
4175
4172
4171
4171
4169
4167
4166
4166
4166
4165
4165
4165
4164
4162
4161
4161
4159
4158
4156
4156
4151
4150
4150
4147
4146
4145
4143
4142
4142
4136
4135
4133
4132
4132
4130
4130
4130
4129
4128
4127
4126
4126
4126
4123
4122
4122
4122
4120
4120
4119
4119
4117
4116
4116
4115
4114
4113
4112
4112
4112
4112
4111
4110
4110
4109
4109
4108
4105
4103
4102
4102
4102
4100
4099
4097
4096
4095
4093
4092
4091
4090
4090
4090
4085
4084
4084
4083
4083
4081
4081
4079
4079
4079
4077
4077
4076
4075
4075
4075
4074
4074
4074
4073
4073
4072
4071
4071
4071
4070
4069
4069
4068
4067
4067
4067
4064
4064
4063
4063
4062
4060
4060
4059
4059
4058
4057
4056
4056
4055
4055
4054
4053
4053
4052
4049
4049
4048
4047
4046
4046
4046
4046
4045
4045
4045
4044
4044
4044
4044
4043
4042
4042
4041
4041
4041
4037
4037
4036
4036
4035
4034
4033
4033
4033
4033
4033
4032
4031
4030
4029
4028
4027
4025
4024
4022
4021
4021
4019
4019
4019
4017
4017
4014
4012
4011
4010
4010
4009
4008
4007
4004
4003
4003
4002
4001
4000
3998
3997
3996
3996
3993
3993
3990
3989
3987
3986
3986
3986
3985
3984
3983
3981
3980
3980
3980
3979
3977
3977
3976
3976
3975
3974
3974
3970
3969
3967
3966
3965
3960
3960
3959
3958
3958
3958
3957
3956
3956
3954
3953
3952
3950
3949
3949
3945
3944
3942
3940
3938
3936
3935
3933
3933
3932
3930
3929
3927
3925
3925
3925
3923
3923
3920
3920
3917
3915
3915
3915
3915
3910
3910
3909
3908
3907
3907
3903
3902
3902
3902
3900
3900
3900
3899
3898
3896
3895
3894
3893
3892
3892
3891
3891
3889
3888
3886
3885
3884
3884
3883
3883
3883
3883
3883
3883
3880
3879
3878
3878
3877
3877
3875
3875
3874
3873
3872
3872
3871
3871
3870
3869
3869
3869
3868
3867
3867
3866
3865
3865
3864
3863
3862
3862
3861
3861
3860
3860
3860
3857
3855
3854
3854
3853
3853
3851
3850
3847
3847
3846
3843
3840
3839
3838
3838
3837
3837
3837
3836
3836
3834
3831
3829
3828
3828
3828
3827
3826
3825
3825
3824
3821
3821
3820
3820
3820
3820
3817
3817
3817
3816
3813
3810
3810
3806
3806
3805
3804
3803
3802
3802
3801
3798
3798
3797
3796
3795
3795
3795
3792
3792
3791
3791
3790
3790
3789
3787
3784
3784
3784
3782
3781
3780
3778
3775
3775
3773
3770
3770
3766
3766
3761
3761
3759
3759
3756
3755
3754
3754
3754
3753
3749
3748
3746
3745
3745
3744
3744
3739
3738
3738
3737
3734
3734
3733
3733
3732
3731
3730
3728
3727
3727
3726
3725
3725
3719
3719
3717
3716
3714
3713
3713
3712
3711
3711
3711
3710
3710
3706
3705
3705
3705
3703
3703
3701
3699
3699
3699
3698
3697
3696
3695
3694
3690
3689
3689
3688
3687
3687
3687
3686
3686
3685
3685
3684
3684
3683
3682
3680
3680
3680
3679
3679
3678
3678
3677
3677
3676
3676
3674
3674
3673
3671
3671
3670
3670
3669
3669
3668
3667
3665
3665
3663
3660
3660
3659
3658
3658
3656
3654
3654
3653
3653
3652
3651
3649
3647
3645
3644
3644
3642
3641
3641
3640
3639
3638
3638
3637
3636
3635
3634
3633
3631
3630
3630
3630
3626
3626
3625
3622
3622
3621
3621
3621
3620
3618
3618
3618
3618
3618
3617
3616
3612
3612
3611
3609
3608
3607
3606
3605
3604
3604
3603
3603
3602
3602
3602
3601
3600
3600
3598
3598
3597
3594
3594
3593
3592
3592
3591
3590
3588
3587
3584
3583
3583
3582
3581
3581
3581
3575
3573
3572
3572
3571
3570
3570
3569
3568
3567
3565
3564
3563
3562
3559
3558
3558
3557
3556
3554
3553
3553
3552
3551
3548
3547
3545
3544
3543
3541
3540
3540
3540
3538
3538
3537
3536
3536
3532
3531
3531
3531
3528
3526
3526
3526
3526
3525
3523
3523
3521
3515
3514
3513
3512
3511
3511
3511
3509
3507
3506
3506
3505
3505
3504
3502
3502
3501
3499
3498
3497
3496
3493
3493
3492
3491
3490
3490
3488
3483
3482
3481
3481
3480
3479
3478
3477
3476
3476
3475
3472
3471
3470
3470
3468
3468
3466
3466
3464
3464
3462
3462
3461
3461
3457
3456
3453
3452
3451
3449
3449
3446
3445
3445
3445
3445
3445
3442
3439
3439
3438
3437
3435
3433
3432
3432
3430
3429
3428
3428
3427
3424
3423
3423
3421
3418
3417
3417
3415
3414
3411
3409
3408
3408
3408
3407
3406
3406
3406
3404
3403
3401
3401
3400
3399
3398
3397
3395
3394
3392
3391
3391
3390
3389
3389
3387
3385
3385
3383
3382
3376
3375
3375
3375
3374
3374
3373
3371
3370
3369
3369
3369
3368
3365
3364
3363
3363
3361
3361
3359
3357
3356
3353
3352
3351
3347
3346
3345
3344
3344
3344
3343
3342
3342
3342
3341
3341
3339
3339
3338
3335
3333
3333
3333
3332
3330
3328
3328
3326
3323
3322
3322
3320
3319
3318
3318
3317
3317
3317
3315
3314
3313
3311
3311
3310
3309
3309
3309
3307
3307
3304
3304
3304
3304
3302
3301
3301
3299
3298
3297
3296
3295
3294
3289
3281
3281
3280
3275
3274
3274
3273
3272
3269
3268
3268
3267
3267
3265
3261
3260
3259
3258
3258
3258
3258
3257
3256
3255
3255
3253
3253
3252
3249
3247
3246
3246
3244
3244
3244
3244
3243
3242
3242
3241
3239
3237
3234
3230
3229
3228
3227
3227
3227
3227
3227
3223
3216
3216
3215
3213
3213
3213
3213
3212
3211
3210
3207
3206
3205
3204
3200
3199
3197
3197
3197
3196
3194
3194
3191
3190
3189
3188
3185
3185
3181
3181
3181
3179
3179
3178
3177
3176
3176
3175
3172
3172
3169
3169
3167
3166
3165
3163
3163
3162
3161
3161
3161
3159
3158
3156
3156
3156
3155
3153
3153
3153
3152
3151
3151
3150
3149
3149
3148
3147
3147
3147
3146
3145
3144
3142
3140
3139
3138
3138
3138
3136
3135
3135
3133
3132
3130
3129
3129
3128
3128
3127
3126
3125
3124
3122
3121
3121
3120
3118
3118
3118
3117
3111
3110
3110
3110
3108
3108
3107
3106
3106
3105
3105
3103
3103
3103
3101
3100
3099
3098
3097
3091
3088
3087
3085
3083
3083
3082
3082
3081
3080
3079
3079
3076
3073
3071
3071
3070
3070
3070
3069
3069
3068
3068
3067
3067
3066
3066
3066
3065
3065
3065
3065
3065
3064
3063
3062
3060
3060
3057
3057
3056
3055
3053
3053
3052
3049
3049
3049
3048
3047
3046
3043
3042
3042
3042
3042
3041
3038
3035
3033
3033
3033
3032
3031
3031
3030
3030
3030
3030
3030
3029
3029
3026
3025
3023
3023
3021
3018
3018
3016
3016
3016
3016
3016
3015
3013
3012
3011
3010
3008
3008
3007
3004
3004
3003
3003
3001
3000
3000
3000
2999
2999
2998
2997
2996
2995
2995
2992
2992
2992
2991
2991
2991
2990
2989
2989
2989
2988
2988
2987
2985
2984
2982
2981
2980
2979
2977
2976
2975
2975
2974
2974
2971
2971
2970
2970
2964
2963
2962
2962
2961
2960
2959
2959
2959
2959
2958
2957
2957
2957
2955
2955
2955
2954
2954
2952
2952
2952
2951
2949
2949
2947
2947
2946
2946
2946
2943
2942
2940
2939
2938
2938
2938
2936
2935
2934
2933
2933
2927
2925
2925
2924
2924
2923
2923
2921
2920
2919
2918
2918
2916
2914
2912
2911
2911
2908
2907
2906
2906
2905
2905
2905
2902
2902
2901
2899
2899
2895
2895
2890
2887
2886
2883
2882
2881
2880
2880
2879
2878
2877
2877
2877
2876
2876
2875
2874
2874
2872
2871
2870
2870
2869
2868
2868
2868
2867
2866
2865
2864
2864
2863
2863
2862
2860
2858
2857
2856
2853
2852
2851
2850
2850
2849
2848
2847
2846
2846
2845
2843
2842
2842
2841
2841
2840
2839
2836
2835
2833
2833
2832
2832
2831
2829
2829
2828
2825
2824
2821
2821
2821
2820
2819
2819
2817
2816
2816
2814
2813
2813
2812
2812
2812
2811
2809
2808
2807
2804
2804
2803
2803
2799
2799
2799
2798
2797
2794
2794
2794
2793
2793
2791
2791
2786
2784
2782
2782
2779
2777
2777
2774
2773
2773
2772
2771
2769
2768
2766
2765
2764
2764
2763
2763
2762
2761
2760
2760
2759
2758
2758
2758
2758
2757
2757
2756
2755
2753
2753
2752
2751
2751
2748
2748
2747
2747
2745
2743
2742
2741
2739
2737
2737
2736
2735
2734
2734
2731
2731
2730
2726
2726
2725
2724
2722
2721
2721
2721
2721
2720
2719
2716
2714
2713
2712
2712
2712
2712
2710
2708
2708
2707
2706
2706
2706
2704
2702
2702
2700
2700
2700
2700
2699
2699
2698
2698
2697
2694
2694
2693
2693
2692
2691
2688
2688
2686
2686
2685
2684
2683
2681
2678
2678
2678
2678
2676
2674
2673
2672
2671
2670
2670
2670
2669
2667
2667
2667
2666
2666
2665
2665
2663
2663
2661
2658
2658
2657
2656
2656
2656
2655
2654
2654
2652
2651
2650
2650
2650
2649
2648
2648
2647
2647
2647
2646
2646
2645
2645
2644
2644
2644
2643
2641
2641
2640
2638
2638
2636
2635
2633
2633
2632
2632
2632
2631
2629
2628
2623
2622
2621
2620
2620
2618
2618
2617
2616
2614
2613
2613
2613
2610
2610
2609
2609
2609
2609
2607
2606
2605
2603
2601
2598
2596
2596
2595
2594
2592
2590
2589
2586
2586
2585
2585
2585
2585
2584
2582
2581
2580
2580
2578
2578
2577
2577
2576
2575
2575
2575
2574
2572
2572
2572
2571
2568
2568
2568
2566
2566
2565
2565
2563
2563
2563
2562
2560
2560
2560
2560
2559
2558
2558
2549
2549
2548
2547
2547
2546
2545
2544
2543
2543
2542
2540
2540
2539
2539
2539
2539
2538
2537
2537
2536
2535
2531
2531
2530
2529
2527
2526
2525
2524
2524
2522
2521
2519
2518
2517
2516
2516
2515
2514
2514
2513
2512
2509
2507
2507
2506
2506
2505
2505
2505
2504
2503
2502
2501
2500
2498
2491
2489
2489
2489
2489
2488
2488
2487
2485
2484
2484
2484
2483
2482
2482
2479
2478
2477
2477
2476
2475
2475
2474
2474
2473
2472
2472
2472
2471
2469
2469
2468
2468
2467
2466
2464
2463
2462
2462
2461
2461
2458
2458
2458
2458
2457
2456
2456
2454
2452
2449
2448
2447
2447
2447
2445
2445
2444
2443
2441
2438
2438
2437
2437
2436
2436
2432
2431
2431
2429
2428
2425
2423
2423
2420
2419
2419
2419
2415
2415
2414
2413
2413
2413
2412
2411
2411
2410
2408
2404
2404
2404
2400
2399
2398
2398
2398
2397
2395
2395
2395
2395
2394
2394
2393
2391
2391
2390
2390
2390
2388
2387
2386
2386
2386
2384
2384
2384
2382
2381
2380
2376
2374
2373
2371
2371
2371
2369
2369
2368
2367
2367
2366
2364
2363
2363
2362
2362
2360
2359
2358
2357
2356
2356
2356
2356
2356
2356
2355
2353
2352
2351
2351
2349
2345
2343
2341
2341
2339
2338
2338
2335
2332
2332
2332
2330
2330
2330
2330
2325
2324
2324
2324
2323
2322
2320
2319
2319
2317
2317
2314
2312
2311
2311
2311
2311
2311
2309
2309
2308
2307
2305
2303
2302
2302
2300
2299
2298
2297
2297
2295
2295
2295
2295
2292
2290
2290
2288
2288
2288
2288
2287
2285
2285
2284
2284
2283
2283
2282
2277
2276
2275
2274
2271
2271
2268
2266
2266
2265
2265
2264
2264
2262
2261
2258
2258
2258
2256
2254
2252
2252
2251
2249
2248
2247
2243
2243
2243
2239
2238
2238
2236
2236
2235
2235
2235
2234
2232
2232
2230
2228
2228
2225
2222
2222
2220
2219
2219
2217
2216
2215
2212
2211
2211
2207
2207
2206
2201
2201
2200
2200
2199
2199
2199
2199
2199
2197
2197
2196
2195
2195
2194
2194
2194
2193
2193
2192
2191
2189
2189
2189
2188
2188
2187
2187
2185
2185
2183
2183
2180
2179
2175
2173
2173
2173
2173
2170
2169
2168
2168
2168
2166
2166
2166
2164
2164
2164
2162
2162
2161
2161
2160
2159
2159
2157
2156
2154
2153
2151
2149
2148
2147
2144
2143
2143
2143
2141
2140
2139
2138
2137
2137
2136
2136
2133
2133
2133
2132
2131
2130
2128
2127
2126
2126
2126
2124
2123
2123
2122
2122
2121
2120
2120
2119
2117
2117
2116
2116
2113
2113
2110
2109
2108
2107
2106
2104
2103
2102
2101
2100
2098
2096
2096
2095
2095
2095
2094
2094
2093
2093
2091
2090
2090
2088
2087
2087
2086
2085
2084
2084
2084
2081
2080
2080
2079
2078
2075
2074
2072
2071
2070
2070
2069
2067
2067
2066
2065
2065
2065
2065
2064
2064
2062
2060
2059
2058
2058
2057
2056
2056
2055
2052
2052
2051
2050
2050
2048
2047
2046
2045
2045
2044
2044
2043
2042
2040
2039
2038
2038
2038
2037
2037
2037
2036
2035
2035
2034
2034
2032
2032
2031
2031
2031
2028
2026
2026
2025
2024
2023
2023
2022
2021
2021
2021
2020
2019
2019
2018
2018
2017
2017
2015
2015
2012
2010
2010
2009
2003
2003
2002
2001
2000
2000
1998
1997
1997
1996
1991
1991
1990
1989
1989
1988
1987
1987
1985
1984
1982
1980
1979
1979
1977
1977
1975
1974
1974
1973
1971
1970
1969
1968
1967
1967
1966
1963
1963
1962
1959
1957
1955
1953
1952
1951
1948
1947
1947
1947
1947
1942
1941
1940
1938
1938
1935
1934
1930
1929
1929
1928
1927
1926
1921
1920
1919
1916
1915
1914
1914
1914
1913
1913
1913
1909
1908
1907
1905
1903
1902
1901
1901
1900
1899
1898
1897
1897
1893
1891
1891
1891
1890
1890
1889
1889
1887
1886
1886
1886
1884
1884
1881
1881
1880
1879
1876
1875
1874
1874
1874
1873
1873
1873
1872
1871
1867
1865
1865
1864
1864
1863
1863
1862
1861
1860
1860
1860
1858
1856
1856
1856
1855
1854
1853
1852
1851
1848
1848
1847
1847
1846
1844
1842
1839
1839
1837
1836
1836
1834
1834
1833
1833
1832
1829
1829
1829
1828
1828
1827
1826
1825
1824
1822
1821
1821
1817
1817
1814
1814
1814
1813
1812
1805
1804
1804
1804
1804
1803
1803
1802
1802
1801
1799
1798
1798
1797
1796
1796
1793
1792
1791
1789
1789
1788
1787
1787
1787
1786
1785
1781
1781
1781
1779
1779
1778
1776
1771
1770
1768
1766
1765
1765
1763
1759
1757
1757
1755
1754
1753
1753
1751
1749
1748
1748
1746
1745
1742
1740
1739
1739
1738
1736
1734
1734
1733
1733
1732
1732
1730
1728
1727
1724
1723
1722
1721
1721
1721
1719
1717
1716
1715
1715
1715
1715
1714
1714
1713
1709
1709
1709
1709
1709
1707
1705
1704
1703
1699
1697
1697
1696
1694
1693
1693
1693
1693
1692
1689
1689
1688
1688
1687
1686
1685
1683
1682
1681
1680
1680
1679
1673
1672
1671
1671
1670
1669
1669
1668
1668
1668
1667
1666
1664
1662
1661
1661
1658
1658
1657
1654
1654
1651
1651
1650
1649
1648
1646
1646
1646
1644
1644
1643
1643
1643
1641
1640
1640
1640
1638
1637
1636
1636
1636
1635
1635
1634
1634
1632
1631
1631
1631
1631
1630
1628
1628
1626
1626
1626
1626
1625
1624
1624
1621
1620
1619
1619
1618
1617
1616
1615
1612
1611
1611
1611
1609
1605
1605
1601
1601
1599
1598
1597
1596
1593
1593
1592
1592
1591
1590
1589
1586
1586
1585
1583
1581
1581
1579
1579
1579
1578
1577
1577
1575
1574
1574
1572
1571
1571
1571
1570
1567
1567
1567
1566
1566
1565
1564
1564
1562
1560
1560
1560
1560
1559
1555
1555
1554
1554
1554
1553
1552
1552
1549
1548
1546
1546
1544
1544
1544
1544
1543
1543
1542
1542
1539
1539
1538
1538
1537
1537
1536
1535
1533
1532
1529
1528
1528
1528
1527
1525
1524
1523
1522
1521
1519
1519
1518
1517
1517
1517
1517
1515
1514
1514
1513
1512
1511
1511
1510
1510
1510
1510
1508
1507
1505
1503
1499
1499
1499
1497
1496
1496
1494
1494
1493
1492
1491
1489
1489
1488
1486
1486
1485
1485
1484
1483
1483
1483
1482
1482
1481
1480
1478
1478
1477
1476
1475
1475
1474
1471
1470
1470
1470
1470
1469
1469
1469
1467
1466
1464
1463
1461
1460
1459
1458
1458
1457
1451
1451
1450
1449
1448
1448
1448
1447
1447
1446
1445
1443
1443
1441
1441
1440
1440
1438
1438
1437
1436
1435
1434
1434
1434
1434
1431
1429
1429
1429
1428
1428
1427
1426
1423
1422
1420
1420
1418
1416
1416
1416
1414
1413
1413
1412
1410
1409
1408
1408
1407
1406
1405
1404
1402
1402
1401
1398
1397
1394
1392
1392
1391
1390
1389
1389
1389
1388
1385
1383
1382
1381
1380
1379
1378
1377
1377
1377
1376
1375
1372
1372
1372
1371
1369
1369
1367
1366
1364
1362
1362
1361
1361
1361
1360
1360
1359
1358
1358
1357
1356
1351
1351
1350
1349
1349
1349
1347
1346
1346
1344
1342
1342
1341
1338
1330
1328
1327
1326
1325
1323
1322
1321
1321
1321
1321
1320
1320
1319
1318
1316
1316
1316
1316
1315
1314
1313
1312
1312
1310
1309
1307
1305
1305
1305
1302
1302
1301
1300
1299
1298
1298
1297
1296
1295
1294
1291
1287
1286
1286
1286
1285
1283
1280
1279
1279
1278
1277
1277
1275
1272
1272
1271
1271
1271
1271
1270
1270
1268
1267
1262
1262
1262
1261
1258
1258
1256
1256
1256
1256
1255
1253
1250
1249
1249
1248
1247
1247
1247
1244
1244
1243
1243
1239
1238
1235
1234
1234
1230
1229
1229
1229
1226
1225
1224
1224
1223
1220
1218
1216
1215
1215
1215
1214
1213
1213
1212
1212
1211
1211
1210
1209
1208
1207
1207
1206
1206
1205
1204
1203
1203
1203
1200
1199
1198
1198
1195
1195
1193
1193
1191
1190
1190
1190
1188
1188
1185
1185
1184
1183
1182
1182
1181
1179
1178
1175
1175
1174
1173
1173
1171
1171
1168
1167
1165
1165
1165
1164
1164
1163
1163
1163
1162
1161
1160
1159
1158
1156
1156
1156
1155
1155
1155
1154
1153
1152
1149
1146
1146
1145
1145
1144
1144
1143
1142
1141
1141
1139
1138
1138
1137
1137
1137
1135
1133
1133
1129
1127
1126
1125
1125
1124
1124
1122
1120
1120
1118
1117
1116
1115
1115
1114
1111
1110
1109
1107
1107
1106
1105
1105
1104
1104
1102
1101
1101
1098
1097
1095
1094
1094
1094
1091
1090
1089
1089
1089
1088
1088
1086
1085
1085
1084
1083
1083
1083
1081
1081
1079
1079
1078
1078
1077
1077
1077
1076
1075
1075
1074
1074
1073
1072
1071
1070
1070
1070
1069
1069
1066
1066
1065
1065
1061
1058
1058
1055
1054
1053
1053
1051
1051
1050
1049
1048
1048
1046
1045
1045
1043
1042
1041
1040
1039
1035
1034
1033
1031
1031
1031
1030
1030
1028
1027
1027
1025
1024
1023
1023
1022
1022
1022
1021
1019
1019
1017
1015
1012
1012
1010
1010
1009
1008
1007
1006
1004
1000
1000
1000
999
999
999
996
996
994
992
989
988
988
987
986
986
986
985
984
982
982
982
982
980
978
976
974
973
971
970
969
969
968
967
967
966
965
964
961
960
960
960
958
958
958
958
957
956
956
956
955
954
953
953
951
951
950
950
949
948
948
946
945
944
943
942
939
938
937
936
936
936
934
934
931
928
924
923
920
919
919
919
916
915
914
913
913
912
912
910
910
910
910
909
908
907
907
906
905
903
902
900
899
898
896
895
895
894
894
893
892
891
889
889
887
887
886
885
885
881
879
877
876
876
874
872
871
871
871
869
867
867
866
866
865
864
863
862
860
859
859
856
856
856
856
855
855
854
854
853
852
852
851
850
848
848
847
847
846
845
844
844
844
842
842
842
840
838
837
837
836
836
835
834
834
833
833
832
832
831
831
831
829
825
824
823
822
820
820
819
818
818
818
817
815
815
815
812
811
808
807
806
806
803
803
803
800
800
799
798
797
795
792
792
792
790
789
789
789
789
788
788
788
787
787
787
787
786
786
786
785
784
782
782
782
780
780
775
774
773
773
773
772
772
771
771
770
770
769
769
768
767
767
766
766
765
764
762
762
761
759
757
756
755
754
753
753
752
751
750
749
749
748
745
745
745
744
744
744
744
743
740
739
733
733
733
733
731
731
729
727
726
725
724
722
721
720
720
718
717
716
715
714
713
712
711
708
708
708
707
705
705
701
698
698
697
697
697
696
696
694
691
690
689
688
687
686
685
685
684
683
683
682
681
681
681
681
679
678
677
674
674
672
672
671
670
669
669
668
668
665
665
664
663
663
662
661
661
660
659
658
658
658
658
657
657
657
657
654
653
653
653
652
651
651
650
646
646
645
645
643
643
643
643
640
639
636
635
635
634
634
633
630
629
629
629
629
628
627
626
625
624
622
622
621
621
621
619
616
616
615
613
611
610
610
609
608
607
607
606
604
603
602
602
601
601
599
599
598
597
596
593
591
590
590
589
589
589
589
588
586
585
585
585
584
583
582
578
578
578
576
575
574
574
574
574
572
571
568
567
566
566
564
562
562
559
559
557
556
555
552
551
551
550
550
549
548
547
547
546
544
544
543
537
537
536
535
531
531
529
527
525
524
523
523
523
523
519
518
517
516
516
515
514
513
513
513
511
511
510
509
508
507
505
505
503
503
503
503
502
502
502
498
497
497
496
495
492
492
492
490
490
486
486
485
485
485
485
482
481
479
476
473
471
469
467
467
466
466
464
461
460
460
459
456
455
455
454
453
453
453
452
451
450
449
448
448
448
447
447
447
446
446
446
445
445
443
443
442
441
441
440
439
434
434
433
431
430
428
428
427
427
424
424
424
423
422
415
415
414
414
411
411
410
410
410
410
409
408
407
407
407
406
403
402
400
400
400
399
399
398
398
398
396
394
394
391
388
388
388
388
381
380
379
378
378
377
373
371
366
365
365
364
363
362
360
360
360
359
359
359
358
357
357
355
354
354
353
352
352
350
349
348
348
347
347
345
345
343
343
341
340
339
339
338
338
338
335
335
334
332
332
331
330
329
328
327
324
324
323
322
320
317
315
312
311
311
310
305
305
303
299
298
297
295
295
294
294
293
293
293
293
293
291
290
289
286
281
279
279
278
276
275
273
272
272
271
270
268
267
266
265
264
262
261
259
258
258
257
256
256
254
252
251
251
250
250
247
246
242
241
241
240
240
239
239
238
238
238
237
235
233
231
229
229
229
229
228
228
227
227
226
226
224
223
221
221
220
219
217
217
216
215
213
212
211
210
210
210
207
207
207
206
205
204
204
204
203
203
202
202
201
201
200
196
196
194
194
194
193
192
192
190
189
188
187
187
185
184
184
183
182
182
181
181
180
180
178
178
175
175
173
172
170
168
168
167
166
163
162
161
160
160
159
159
158
158
158
158
157
156
155
154
154
154
152
151
150
148
147
145
145
143
139
137
137
136
136
135
134
133
131
130
128
126
125
124
123
120
119
119
119
119
118
117
117
115
114
114
113
112
112
110
110
108
107
107
107
105
105
105
103
101
101
98
98
97
94
92
92
90
89
89
89
89
86
86
85
85
85
85
84
83
82
82
77
75
74
74
70
67
67
66
65
64
62
62
61
58
58
55
52
50
49
48
44
44
43
42
42
41
39
37
35
35
35
35
34
33
31
31
31
27
27
27
26
26
25
25
24
24
24
23
22
22
22
22
20
19
17
16
15
14
14
14
13
13
12
11
10
10
9
9
9
9
5
5
4
4
3
3
2
1
0
