0
1
3
5
5
6
7
7
7
11
12
12
15
16
16
17
18
18
20
21
24
26
27
28
29
29
29
29
30
30
31
31
32
35
35
36
37
40
43
44
46
47
47
48
49
50
51
52
54
55
56
56
59
59
60
61
64
64
65
65
65
65
66
67
67
70
71
71
74
76
77
77
78
81
82
83
84
85
85
85
86
87
88
88
89
91
92
93
93
93
93
94
94
95
95
98
99
99
99
100
100
100
104
104
104
107
107
107
108
109
109
109
109
111
111
113
114
118
121
121
121
122
125
128
129
130
131
134
134
137
137
137
137
138
140
141
142
142
143
144
145
145
148
148
150
150
151
155
156
157
159
160
160
162
164
164
164
165
167
168
169
170
170
172
172
174
174
174
181
182
182
183
186
186
187
187
188
189
189
190
191
191
192
193
193
193
196
197
199
200
200
201
203
203
204
204
206
206
207
208
209
209
209
210
210
212
212
212
212
213
217
217
218
218
220
221
224
226
226
226
226
227
228
229
230
230
230
233
233
234
238
241
241
241
241
243
243
245
245
246
246
246
248
248
248
248
249
253
253
254
256
259
260
261
262
262
264
266
267
268
269
271
274
275
276
276
281
281
281
282
282
282
282
284
284
290
290
291
291
292
293
294
294
295
297
299
299
300
302
302
304
304
304
305
308
310
314
315
316
317
318
318
319
322
323
323
324
324
328
328
328
328
329
330
331
332
333
336
337
337
338
338
339
340
342
342
342
342
343
344
345
347
347
347
349
350
352
352
358
359
360
361
361
361
362
362
364
364
366
367
367
370
370
371
372
373
373
374
374
375
377
378
379
379
379
380
382
384
386
386
386
387
387
388
389
390
390
391
391
391
391
391
392
398
398
398
399
399
399
400
401
402
402
403
405
408
408
408
409
409
410
410
411
416
417
423
424
425
425
428
429
429
430
431
431
431
432
433
433
434
435
436
437
438
438
440
440
441
441
441
442
442
443
443
444
445
446
447
447
449
451
451
452
453
456
458
459
459
460
461
465
465
467
467
468
469
471
471
471
471
473
476
476
478
479
480
480
480
481
482
483
483
484
485
486
488
488
488
492
492
492
492
493
493
494
495
497
498
499
500
501
501
502
503
503
503
505
505
505
507
508
509
509
510
510
510
510
511
511
514
515
516
517
518
518
518
518
519
519
522
522
525
525
526
526
527
529
529
529
530
530
531
532
533
534
536
536
538
539
541
541
542
542
543
543
544
544
546
548
549
550
551
552
552
553
553
553
555
555
555
556
557
557
557
558
559
564
564
565
565
567
568
569
572
573
575
577
578
580
580
582
583
585
587
587
588
588
589
589
590
590
592
593
593
594
596
596
597
597
599
599
600
601
601
601
603
605
606
606
606
606
608
610
610
611
611
613
613
613
616
618
619
623
625
627
628
629
629
630
630
633
637
638
641
641
643
645
645
646
648
649
650
652
652
653
654
654
655
657
659
659
660
660
663
664
666
666
667
668
668
670
672
672
673
673
674
674
674
675
675
676
678
678
679
680
682
682
682
684
685
685
688
688
690
693
693
694
696
696
696
697
697
698
699
706
708
709
711
712
713
713
713
715
716
717
718
719
720
721
721
721
721
722
723
724
725
725
726
727
729
730
730
730
730
731
731
732
732
732
732
733
737
739
740
741
741
741
741
743
743
744
745
745
746
747
748
749
750
751
753
754
755
755
756
756
756
757
759
759
759
760
762
763
765
766
768
768
771
774
775
775
775
775
777
778
778
778
780
781
785
786
786
788
788
788
788
788
790
790
793
794
794
794
794
794
795
795
795
798
798
800
802
802
803
803
805
806
806
806
806
806
807
807
809
813
813
815
815
815
816
816
817
818
819
819
819
820
821
822
823
823
823
825
825
826
827
828
829
833
833
834
835
836
838
842
842
842
843
846
848
848
848
848
849
850
850
852
853
854
856
856
857
859
859
860
860
860
861
861
863
863
864
865
866
866
866
867
870
871
875
876
881
881
882
882
884
887
889
891
891
894
894
894
894
895
897
898
901
901
904
904
904
906
907
908
908
909
909
911
913
913
918
920
921
921
922
923
923
923
923
927
929
929
929
929
932
934
935
935
935
935
938
940
940
943
943
945
946
946
947
948
948
949
950
952
953
953
953
955
956
956
957
957
958
959
959
959
960
963
967
968
969
969
970
970
970
973
974
974
974
974
975
976
977
978
978
980
980
980
983
984
985
986
986
987
987
987
988
988
990
991
992
992
992
993
995
996
996
999
999
