999
999
996
996
995
993
992
992
992
991
990
988
988
987
987
987
986
986
985
984
983
980
980
980
978
978
977
976
975
974
974
974
974
973
970
970
970
969
969
968
967
963
960
959
959
959
958
957
957
956
956
955
953
953
953
952
950
949
948
948
947
946
946
945
943
943
940
940
938
935
935
935
935
934
932
929
929
929
929
927
923
923
923
923
922
921
921
920
918
913
913
911
909
909
908
908
907
906
904
904
904
901
901
898
897
895
894
894
894
894
891
891
889
887
884
882
882
881
881
876
875
871
870
867
866
866
866
865
864
863
863
861
861
860
860
860
859
859
857
856
856
854
853
852
850
850
849
848
848
848
848
846
843
842
842
842
838
836
835
834
833
833
829
828
827
826
825
825
823
823
823
822
821
820
819
819
819
818
817
816
816
815
815
815
813
813
809
807
807
806
806
806
806
806
805
803
803
802
802
800
798
798
795
795
795
794
794
794
794
794
793
790
790
788
788
788
788
788
786
786
785
781
780
778
778
778
777
775
775
775
775
774
771
768
768
766
765
763
762
760
759
759
759
757
756
756
756
755
755
754
753
751
750
749
748
747
746
745
745
744
743
743
741
741
741
741
740
739
737
733
732
732
732
732
731
731
730
730
730
730
729
727
726
725
725
724
723
722
721
721
721
721
720
719
718
717
716
715
713
713
713
712
711
709
708
706
699
698
697
697
696
696
696
694
693
693
690
688
688
685
685
684
682
682
682
680
679
678
678
676
675
675
674
674
674
673
673
672
672
670
668
668
667
666
666
664
663
660
660
659
659
657
655
654
654
653
652
652
650
649
648
646
645
645
643
641
641
638
637
633
630
630
629
629
628
627
625
623
619
618
616
613
613
613
611
611
610
610
608
606
606
606
606
605
603
601
601
601
600
599
599
597
597
596
596
594
593
593
592
590
590
589
589
588
588
587
587
585
583
582
580
580
578
577
575
573
572
569
568
567
565
565
564
564
559
558
557
557
557
556
555
555
555
553
553
553
552
552
551
550
549
548
546
544
544
543
543
542
542
541
541
539
538
536
536
534
533
532
531
530
530
529
529
529
527
526
526
525
525
522
522
519
519
518
518
518
518
517
516
515
514
511
511
510
510
510
510
509
509
508
507
505
505
505
503
503
503
502
501
501
500
499
498
497
495
494
493
493
492
492
492
492
488
488
488
486
485
484
483
483
482
481
480
480
480
479
478
476
476
473
471
471
471
471
469
468
467
467
465
465
461
460
459
459
458
456
453
452
451
451
449
447
447
446
445
444
443
443
442
442
441
441
441
440
440
438
438
437
436
435
434
433
433
432
431
431
431
430
429
429
428
425
425
424
423
417
416
411
410
410
409
409
408
408
408
405
403
402
402
401
400
399
399
399
398
398
398
392
391
391
391
391
391
390
390
389
388
387
387
386
386
386
384
382
380
379
379
379
378
377
375
374
374
373
373
372
371
370
370
367
367
366
364
364
362
362
361
361
361
360
359
358
352
352
350
349
347
347
347
345
344
343
342
342
342
342
340
339
338
338
337
337
336
333
332
331
330
329
328
328
328
328
324
324
323
323
322
319
318
318
317
316
315
314
310
308
305
304
304
304
302
302
300
299
299
297
295
294
294
293
292
291
291
290
290
284
284
282
282
282
282
281
281
281
276
276
275
274
271
269
268
267
266
264
262
262
261
260
259
256
254
253
253
249
248
248
248
248
246
246
246
245
245
243
243
241
241
241
241
238
234
233
233
230
230
230
229
228
227
226
226
226
226
224
221
220
218
218
217
217
213
212
212
212
212
210
210
209
209
209
208
207
206
206
204
204
203
203
201
200
200
199
197
196
193
193
193
192
191
191
190
189
189
188
187
187
186
186
183
182
182
181
174
174
174
172
172
170
170
169
168
167
165
164
164
164
162
160
160
159
157
156
155
151
150
150
148
148
145
145
144
143
142
142
141
140
138
137
137
137
137
134
134
131
130
129
128
125
122
121
121
121
118
114
113
111
111
109
109
109
109
108
107
107
107
104
104
104
100
100
100
99
99
99
98
95
95
94
94
93
93
93
93
92
91
89
88
88
87
86
85
85
85
84
83
82
81
78
77
77
76
74
71
71
70
67
67
66
65
65
65
65
64
64
61
60
59
59
56
56
55
54
52
51
50
49
48
47
47
46
44
43
40
37
36
35
35
32
31
31
30
30
29
29
29
29
28
27
26
24
21
20
18
18
17
16
16
15
12
12
11
7
7
7
6
5
5
3
1
0
